"State","District","Date","Year","Month","Avg_rainfall","Agency_name"
"Tamil Nadu","Thiruvarur","2009-04-02",2009,4,0.0,"IMD GRID MODEL"
"Tamil Nadu","Thiruvarur","2009-04-03",2009,4,0.0,"IMD GRID MODEL"
"Tamil Nadu","Thiruvarur","2009-04-04",2009,4,0.0,"IMD GRID MODEL"
"Tamil Nadu","Thiruvarur","2009-04-05",2009,4,0.0,"IMD GRID MODEL"
"Tamil Nadu","Thiruvarur","2009-04-06",2009,4,0.0,"IMD GRID MODEL"
"Tamil Nadu","Thiruvarur","2009-04-07",2009,4,0.102602143,"IMD GRID MODEL"
"Tamil Nadu","Thiruvarur","2009-04-09",2009,4,81.92657765,"IMD GRID MODEL"
"Tamil Nadu","Thiruvarur","2009-04-10",2009,4,0.343074036,"IMD GRID MODEL"
"Tamil Nadu","Thiruvarur","2009-04-12",2009,4,0.0,"IMD GRID MODEL"
"Tamil Nadu","Thiruvarur","2009-04-13",2009,4,0.0,"IMD GRID MODEL"
"Tamil Nadu","Thiruvarur","2009-04-14",2009,4,0.000874911,"IMD GRID MODEL"
"Tamil Nadu","Thiruvarur","2009-04-15",2009,4,0.0,"IMD GRID MODEL"
"Tamil Nadu","Thiruvarur","2009-04-16",2009,4,0.0,"IMD GRID MODEL"
"Tamil Nadu","Thiruvarur","2009-04-17",2009,4,0.0,"IMD GRID MODEL"
"Tamil Nadu","Thiruvarur","2009-04-18",2009,4,0.0,"IMD GRID MODEL"
"Tamil Nadu","Thiruvarur","2009-04-20",2009,4,0.0,"IMD GRID MODEL"
"Tamil Nadu","Thiruvarur","2009-04-21",2009,4,0.0,"IMD GRID MODEL"
"Tamil Nadu","Thiruvarur","2009-04-23",2009,4,0.0,"IMD GRID MODEL"
"Tamil Nadu","Thiruvarur","2009-04-24",2009,4,0.0,"IMD GRID MODEL"
"Tamil Nadu","Thiruvarur","2009-04-25",2009,4,0.0,"IMD GRID MODEL"
"Tamil Nadu","Thiruvarur","2009-04-26",2009,4,0.0,"IMD GRID MODEL"
"Tamil Nadu","Thiruvarur","2009-04-27",2009,4,0.0,"IMD GRID MODEL"
"Tamil Nadu","Thiruvarur","2009-04-28",2009,4,0.0,"IMD GRID MODEL"
"Tamil Nadu","Thiruvarur","2009-04-29",2009,4,0.0,"IMD GRID MODEL"
"Tamil Nadu","Thiruvarur","2009-04-08",2009,4,34.64730999,"IMD GRID MODEL"
"Tamil Nadu","Thiruvarur","2009-04-11",2009,4,0.0,"IMD GRID MODEL"
"Tamil Nadu","Thiruvarur","2009-04-19",2009,4,0.0,"IMD GRID MODEL"
"Tamil Nadu","Thiruvarur","2009-04-22",2009,4,0.0,"IMD GRID MODEL"
"Tamil Nadu","Thiruvarur","2009-04-30",2009,4,0.0,"IMD GRID MODEL"
"Tamil Nadu","Thiruvarur","2009-08-01",2009,8,0.0,"IMD GRID MODEL"
"Tamil Nadu","Thiruvarur","2009-08-02",2009,8,0.0,"IMD GRID MODEL"
"Tamil Nadu","Thiruvarur","2009-08-03",2009,8,0.216116795,"IMD GRID MODEL"
"Tamil Nadu","Thiruvarur","2009-08-04",2009,8,0.0,"IMD GRID MODEL"
"Tamil Nadu","Thiruvarur","2009-08-05",2009,8,0.017686009,"IMD GRID MODEL"
"Tamil Nadu","Thiruvarur","2009-08-06",2009,8,0.0,"IMD GRID MODEL"
"Tamil Nadu","Thiruvarur","2009-08-08",2009,8,0.0,"IMD GRID MODEL"
"Tamil Nadu","Thiruvarur","2009-08-09",2009,8,0.0,"IMD GRID MODEL"
"Tamil Nadu","Thiruvarur","2009-08-11",2009,8,0.0,"IMD GRID MODEL"
"Tamil Nadu","Thiruvarur","2009-08-12",2009,8,0.0,"IMD GRID MODEL"
"Tamil Nadu","Thiruvarur","2009-08-13",2009,8,0.0,"IMD GRID MODEL"
"Tamil Nadu","Thiruvarur","2009-08-14",2009,8,0.202468407,"IMD GRID MODEL"
"Tamil Nadu","Thiruvarur","2009-08-15",2009,8,0.198310474,"IMD GRID MODEL"
"Tamil Nadu","Thiruvarur","2009-08-16",2009,8,0.000645576,"IMD GRID MODEL"
"Tamil Nadu","Thiruvarur","2009-08-17",2009,8,0.0,"IMD GRID MODEL"
"Tamil Nadu","Thiruvarur","2009-08-19",2009,8,0.0,"IMD GRID MODEL"
"Tamil Nadu","Thiruvarur","2009-08-20",2009,8,0.0,"IMD GRID MODEL"
"Tamil Nadu","Thiruvarur","2009-08-22",2009,8,0.0,"IMD GRID MODEL"
"Tamil Nadu","Thiruvarur","2009-08-23",2009,8,0.0,"IMD GRID MODEL"
"Tamil Nadu","Thiruvarur","2009-08-24",2009,8,0.0,"IMD GRID MODEL"
"Tamil Nadu","Thiruvarur","2009-08-25",2009,8,0.0,"IMD GRID MODEL"
"Tamil Nadu","Thiruvarur","2009-08-26",2009,8,0.0,"IMD GRID MODEL"
"Tamil Nadu","Thiruvarur","2009-08-27",2009,8,0.0,"IMD GRID MODEL"
"Tamil Nadu","Thiruvarur","2009-08-28",2009,8,0.0,"IMD GRID MODEL"
"Tamil Nadu","Thiruvarur","2009-08-30",2009,8,2.719607081,"IMD GRID MODEL"
"Tamil Nadu","Thiruvarur","2009-08-31",2009,8,2.555378339,"IMD GRID MODEL"
"Tamil Nadu","Thiruvarur","2009-08-07",2009,8,0.0,"IMD GRID MODEL"
"Tamil Nadu","Thiruvarur","2009-08-10",2009,8,0.0,"IMD GRID MODEL"
"Tamil Nadu","Thiruvarur","2009-08-18",2009,8,0.0,"IMD GRID MODEL"
"Tamil Nadu","Thiruvarur","2009-08-21",2009,8,0.0,"IMD GRID MODEL"
"Tamil Nadu","Thiruvarur","2009-08-29",2009,8,0.0,"IMD GRID MODEL"
"Tamil Nadu","Thiruvarur","2009-12-02",2009,12,10.66832273,"IMD GRID MODEL"
"Tamil Nadu","Thiruvarur","2009-12-03",2009,12,16.44111101,"IMD GRID MODEL"
"Tamil Nadu","Thiruvarur","2009-12-04",2009,12,99.33450353,"IMD GRID MODEL"
"Tamil Nadu","Thiruvarur","2009-12-05",2009,12,40.28736265,"IMD GRID MODEL"
"Tamil Nadu","Thiruvarur","2009-12-01",2009,12,17.01102842,"IMD GRID MODEL"
"Tamil Nadu","Thiruvarur","2009-12-07",2009,12,96.85586837,"IMD GRID MODEL"
"Tamil Nadu","Thiruvarur","2009-12-08",2009,12,31.42775074,"IMD GRID MODEL"
"Tamil Nadu","Thiruvarur","2009-12-10",2009,12,2.819453849,"IMD GRID MODEL"
"Tamil Nadu","Thiruvarur","2009-12-11",2009,12,0.0,"IMD GRID MODEL"
"Tamil Nadu","Thiruvarur","2009-12-12",2009,12,0.080482147,"IMD GRID MODEL"
"Tamil Nadu","Thiruvarur","2009-12-13",2009,12,10.73739905,"IMD GRID MODEL"
"Tamil Nadu","Thiruvarur","2009-12-14",2009,12,63.18723616,"IMD GRID MODEL"
"Tamil Nadu","Thiruvarur","2009-12-15",2009,12,11.6642495,"IMD GRID MODEL"
"Tamil Nadu","Thiruvarur","2009-12-16",2009,12,3.30584756,"IMD GRID MODEL"
"Tamil Nadu","Thiruvarur","2009-12-18",2009,12,17.90848188,"IMD GRID MODEL"
"Tamil Nadu","Thiruvarur","2009-12-19",2009,12,1.092504764,"IMD GRID MODEL"
"Tamil Nadu","Thiruvarur","2009-12-21",2009,12,10.59011366,"IMD GRID MODEL"
"Tamil Nadu","Thiruvarur","2009-12-22",2009,12,21.38353746,"IMD GRID MODEL"
"Tamil Nadu","Thiruvarur","2009-12-23",2009,12,7.018920443,"IMD GRID MODEL"
"Tamil Nadu","Thiruvarur","2009-12-24",2009,12,1.090621204,"IMD GRID MODEL"
"Tamil Nadu","Thiruvarur","2009-12-25",2009,12,1.980420779,"IMD GRID MODEL"
"Tamil Nadu","Thiruvarur","2009-12-27",2009,12,0.0,"IMD GRID MODEL"
"Tamil Nadu","Thiruvarur","2009-12-26",2009,12,0.0,"IMD GRID MODEL"
"Tamil Nadu","Thiruvarur","2009-12-29",2009,12,21.29956402,"IMD GRID MODEL"
"Tamil Nadu","Thiruvarur","2009-12-30",2009,12,32.92474946,"IMD GRID MODEL"
"Tamil Nadu","Thiruvarur","2009-12-06",2009,12,29.58473172,"IMD GRID MODEL"
"Tamil Nadu","Thiruvarur","2009-12-09",2009,12,17.07908556,"IMD GRID MODEL"
"Tamil Nadu","Thiruvarur","2009-12-17",2009,12,1.290797261,"IMD GRID MODEL"
"Tamil Nadu","Thiruvarur","2009-12-20",2009,12,2.947792052,"IMD GRID MODEL"
"Tamil Nadu","Thiruvarur","2009-12-28",2009,12,27.46527301,"IMD GRID MODEL"
"Tamil Nadu","Thiruvarur","2009-12-31",2009,12,45.45524543,"IMD GRID MODEL"
"Tamil Nadu","Thiruvarur","2009-02-02",2009,2,0.0,"IMD GRID MODEL"
"Tamil Nadu","Thiruvarur","2009-02-03",2009,2,0.0,"IMD GRID MODEL"
"Tamil Nadu","Thiruvarur","2009-02-05",2009,2,9.456190226,"IMD GRID MODEL"
"Tamil Nadu","Thiruvarur","2009-02-06",2009,2,8.361582793,"IMD GRID MODEL"
"Tamil Nadu","Thiruvarur","2009-02-07",2009,2,0.0,"IMD GRID MODEL"
"Tamil Nadu","Thiruvarur","2009-02-08",2009,2,0.258320529,"IMD GRID MODEL"
"Tamil Nadu","Thiruvarur","2009-02-09",2009,2,0.0,"IMD GRID MODEL"
"Tamil Nadu","Thiruvarur","2009-02-10",2009,2,0.0,"IMD GRID MODEL"
"Tamil Nadu","Thiruvarur","2009-02-11",2009,2,0.0,"IMD GRID MODEL"
"Tamil Nadu","Thiruvarur","2009-02-13",2009,2,6.40659083,"IMD GRID MODEL"
"Tamil Nadu","Thiruvarur","2009-02-14",2009,2,0.687093199,"IMD GRID MODEL"
"Tamil Nadu","Thiruvarur","2009-02-16",2009,2,0.075326218,"IMD GRID MODEL"
"Tamil Nadu","Thiruvarur","2009-02-17",2009,2,0.167820436,"IMD GRID MODEL"
"Tamil Nadu","Thiruvarur","2009-02-18",2009,2,0.0,"IMD GRID MODEL"
"Tamil Nadu","Thiruvarur","2009-02-19",2009,2,0.0,"IMD GRID MODEL"
"Tamil Nadu","Thiruvarur","2009-02-20",2009,2,0.0,"IMD GRID MODEL"
"Tamil Nadu","Thiruvarur","2009-02-21",2009,2,0.0,"IMD GRID MODEL"
"Tamil Nadu","Thiruvarur","2009-02-22",2009,2,0.0,"IMD GRID MODEL"
"Tamil Nadu","Thiruvarur","2009-02-24",2009,2,0.0,"IMD GRID MODEL"
"Tamil Nadu","Thiruvarur","2009-02-25",2009,2,4.443089064,"IMD GRID MODEL"
"Tamil Nadu","Thiruvarur","2009-02-27",2009,2,0.432806597,"IMD GRID MODEL"
"Tamil Nadu","Thiruvarur","2009-02-28",2009,2,0.0,"IMD GRID MODEL"
"Tamil Nadu","Thiruvarur","2009-02-01",2009,2,0.0,"IMD GRID MODEL"
"Tamil Nadu","Thiruvarur","2009-02-04",2009,2,0.0,"IMD GRID MODEL"
"Tamil Nadu","Thiruvarur","2009-02-12",2009,2,0.732109373,"IMD GRID MODEL"
"Tamil Nadu","Thiruvarur","2009-02-15",2009,2,0.0,"IMD GRID MODEL"
"Tamil Nadu","Thiruvarur","2009-02-23",2009,2,0.0,"IMD GRID MODEL"
"Tamil Nadu","Thiruvarur","2009-02-26",2009,2,13.59491043,"IMD GRID MODEL"
"Tamil Nadu","Thiruvarur","2009-01-01",2009,1,0.0,"IMD GRID MODEL"
"Tamil Nadu","Thiruvarur","2009-01-02",2009,1,0.0,"IMD GRID MODEL"
"Tamil Nadu","Thiruvarur","2009-01-03",2009,1,0.0,"IMD GRID MODEL"
"Tamil Nadu","Thiruvarur","2009-01-04",2009,1,0.0,"IMD GRID MODEL"
"Tamil Nadu","Thiruvarur","2009-01-05",2009,1,9.456190226,"IMD GRID MODEL"
"Tamil Nadu","Thiruvarur","2009-01-06",2009,1,8.361582793,"IMD GRID MODEL"
"Tamil Nadu","Thiruvarur","2009-01-07",2009,1,0.0,"IMD GRID MODEL"
"Tamil Nadu","Thiruvarur","2009-01-08",2009,1,0.258320529,"IMD GRID MODEL"
"Tamil Nadu","Thiruvarur","2009-01-10",2009,1,0.0,"IMD GRID MODEL"
"Tamil Nadu","Thiruvarur","2009-01-11",2009,1,0.0,"IMD GRID MODEL"
"Tamil Nadu","Thiruvarur","2009-01-14",2009,1,0.687093199,"IMD GRID MODEL"
"Tamil Nadu","Thiruvarur","2009-01-13",2009,1,6.40659083,"IMD GRID MODEL"
"Tamil Nadu","Thiruvarur","2009-01-16",2009,1,0.075326218,"IMD GRID MODEL"
"Tamil Nadu","Thiruvarur","2009-01-17",2009,1,0.167820436,"IMD GRID MODEL"
"Tamil Nadu","Thiruvarur","2009-01-18",2009,1,0.0,"IMD GRID MODEL"
"Tamil Nadu","Thiruvarur","2009-01-19",2009,1,0.0,"IMD GRID MODEL"
"Tamil Nadu","Thiruvarur","2009-01-20",2009,1,0.0,"IMD GRID MODEL"
"Tamil Nadu","Thiruvarur","2009-01-23",2009,1,0.0,"IMD GRID MODEL"
"Tamil Nadu","Thiruvarur","2009-01-24",2009,1,0.0,"IMD GRID MODEL"
"Tamil Nadu","Thiruvarur","2009-01-25",2009,1,4.443089064,"IMD GRID MODEL"
"Tamil Nadu","Thiruvarur","2009-01-26",2009,1,13.59491043,"IMD GRID MODEL"
"Tamil Nadu","Thiruvarur","2009-01-27",2009,1,0.432806597,"IMD GRID MODEL"
"Tamil Nadu","Thiruvarur","2009-01-28",2009,1,0.0,"IMD GRID MODEL"
"Tamil Nadu","Thiruvarur","2009-01-29",2009,1,0.0,"IMD GRID MODEL"
"Tamil Nadu","Thiruvarur","2009-01-31",2009,1,0.0,"IMD GRID MODEL"
"Tamil Nadu","Thiruvarur","2009-01-30",2009,1,0.0,"IMD GRID MODEL"
"Tamil Nadu","Thiruvarur","2009-01-12",2009,1,0.732109373,"IMD GRID MODEL"
"Tamil Nadu","Thiruvarur","2009-01-21",2009,1,0.0,"IMD GRID MODEL"
"Tamil Nadu","Thiruvarur","2009-01-09",2009,1,0.0,"IMD GRID MODEL"
"Tamil Nadu","Thiruvarur","2009-01-22",2009,1,0.0,"IMD GRID MODEL"
"Tamil Nadu","Thiruvarur","2009-01-15",2009,1,0.0,"IMD GRID MODEL"
"Tamil Nadu","Thiruvarur","2009-07-01",2009,7,0.0,"IMD GRID MODEL"
"Tamil Nadu","Thiruvarur","2009-07-02",2009,7,0.0,"IMD GRID MODEL"
"Tamil Nadu","Thiruvarur","2009-07-03",2009,7,0.0,"IMD GRID MODEL"
"Tamil Nadu","Thiruvarur","2009-07-04",2009,7,0.0,"IMD GRID MODEL"
"Tamil Nadu","Thiruvarur","2009-07-06",2009,7,0.0,"IMD GRID MODEL"
"Tamil Nadu","Thiruvarur","2009-07-07",2009,7,0.05588042,"IMD GRID MODEL"
"Tamil Nadu","Thiruvarur","2009-07-09",2009,7,0.0,"IMD GRID MODEL"
"Tamil Nadu","Thiruvarur","2009-07-10",2009,7,0.0,"IMD GRID MODEL"
"Tamil Nadu","Thiruvarur","2009-07-12",2009,7,0.0,"IMD GRID MODEL"
"Tamil Nadu","Thiruvarur","2009-07-13",2009,7,0.0,"IMD GRID MODEL"
"Tamil Nadu","Thiruvarur","2009-07-14",2009,7,0.0,"IMD GRID MODEL"
"Tamil Nadu","Thiruvarur","2009-07-15",2009,7,0.003195078,"IMD GRID MODEL"
"Tamil Nadu","Thiruvarur","2009-07-17",2009,7,0.0,"IMD GRID MODEL"
"Tamil Nadu","Thiruvarur","2009-07-18",2009,7,0.0,"IMD GRID MODEL"
"Tamil Nadu","Thiruvarur","2009-07-20",2009,7,0.0,"IMD GRID MODEL"
"Tamil Nadu","Thiruvarur","2009-07-11",2009,7,0.0,"IMD GRID MODEL"
"Tamil Nadu","Thiruvarur","2009-07-21",2009,7,0.0,"IMD GRID MODEL"
"Tamil Nadu","Thiruvarur","2009-07-22",2009,7,0.0,"IMD GRID MODEL"
"Tamil Nadu","Thiruvarur","2009-07-23",2009,7,0.0,"IMD GRID MODEL"
"Tamil Nadu","Thiruvarur","2009-07-24",2009,7,0.306269288,"IMD GRID MODEL"
"Tamil Nadu","Thiruvarur","2009-07-25",2009,7,4.339635533,"IMD GRID MODEL"
"Tamil Nadu","Thiruvarur","2009-07-26",2009,7,0.017686009,"IMD GRID MODEL"
"Tamil Nadu","Thiruvarur","2009-07-28",2009,7,0.098705168,"IMD GRID MODEL"
"Tamil Nadu","Thiruvarur","2009-07-29",2009,7,0.0,"IMD GRID MODEL"
"Tamil Nadu","Thiruvarur","2009-07-31",2009,7,0.0,"IMD GRID MODEL"
"Tamil Nadu","Thiruvarur","2009-07-05",2009,7,0.0,"IMD GRID MODEL"
"Tamil Nadu","Thiruvarur","2009-07-08",2009,7,0.0,"IMD GRID MODEL"
"Tamil Nadu","Thiruvarur","2009-07-16",2009,7,0.0,"IMD GRID MODEL"
"Tamil Nadu","Thiruvarur","2009-07-19",2009,7,0.0,"IMD GRID MODEL"
"Tamil Nadu","Thiruvarur","2009-07-27",2009,7,0.025238702,"IMD GRID MODEL"
"Tamil Nadu","Thiruvarur","2009-07-30",2009,7,4.139569803,"IMD GRID MODEL"
"Tamil Nadu","Thiruvarur","2009-06-01",2009,6,0.0,"IMD GRID MODEL"
"Tamil Nadu","Thiruvarur","2009-06-03",2009,6,0.0,"IMD GRID MODEL"
"Tamil Nadu","Thiruvarur","2009-06-04",2009,6,0.0,"IMD GRID MODEL"
"Tamil Nadu","Thiruvarur","2009-06-06",2009,6,0.0,"IMD GRID MODEL"
"Tamil Nadu","Thiruvarur","2009-06-07",2009,6,0.0,"IMD GRID MODEL"
"Tamil Nadu","Thiruvarur","2009-06-08",2009,6,0.0,"IMD GRID MODEL"
"Tamil Nadu","Thiruvarur","2009-06-09",2009,6,0.0,"IMD GRID MODEL"
"Tamil Nadu","Thiruvarur","2009-06-10",2009,6,12.14576041,"IMD GRID MODEL"
"Tamil Nadu","Thiruvarur","2009-06-11",2009,6,0.0,"IMD GRID MODEL"
"Tamil Nadu","Thiruvarur","2009-06-12",2009,6,0.0,"IMD GRID MODEL"
"Tamil Nadu","Thiruvarur","2009-06-14",2009,6,25.57343252,"IMD GRID MODEL"
"Tamil Nadu","Thiruvarur","2009-06-15",2009,6,0.0,"IMD GRID MODEL"
"Tamil Nadu","Thiruvarur","2009-06-17",2009,6,0.015105386,"IMD GRID MODEL"
"Tamil Nadu","Thiruvarur","2009-06-18",2009,6,0.372782889,"IMD GRID MODEL"
"Tamil Nadu","Thiruvarur","2009-06-19",2009,6,1.775132918,"IMD GRID MODEL"
"Tamil Nadu","Thiruvarur","2009-06-20",2009,6,2.289540143,"IMD GRID MODEL"
"Tamil Nadu","Thiruvarur","2009-06-21",2009,6,0.0,"IMD GRID MODEL"
"Tamil Nadu","Thiruvarur","2009-06-22",2009,6,0.068834522,"IMD GRID MODEL"
"Tamil Nadu","Thiruvarur","2009-06-23",2009,6,0.0,"IMD GRID MODEL"
"Tamil Nadu","Thiruvarur","2009-06-26",2009,6,0.017686009,"IMD GRID MODEL"
"Tamil Nadu","Thiruvarur","2009-06-28",2009,6,0.0,"IMD GRID MODEL"
"Tamil Nadu","Thiruvarur","2009-06-29",2009,6,0.010476293,"IMD GRID MODEL"
"Tamil Nadu","Thiruvarur","2009-06-30",2009,6,0.355975199,"IMD GRID MODEL"
"Tamil Nadu","Thiruvarur","2009-06-25",2009,6,0.0,"IMD GRID MODEL"
"Tamil Nadu","Thiruvarur","2009-06-27",2009,6,0.0,"IMD GRID MODEL"
"Tamil Nadu","Thiruvarur","2009-06-02",2009,6,0.0,"IMD GRID MODEL"
"Tamil Nadu","Thiruvarur","2009-06-05",2009,6,0.0,"IMD GRID MODEL"
"Tamil Nadu","Thiruvarur","2009-06-13",2009,6,0.0,"IMD GRID MODEL"
"Tamil Nadu","Thiruvarur","2009-06-16",2009,6,0.0,"IMD GRID MODEL"
"Tamil Nadu","Thiruvarur","2009-06-24",2009,6,0.017686009,"IMD GRID MODEL"
"Tamil Nadu","Thiruvarur","2009-03-02",2009,3,0.0,"IMD GRID MODEL"
"Tamil Nadu","Thiruvarur","2009-03-03",2009,3,0.0,"IMD GRID MODEL"
"Tamil Nadu","Thiruvarur","2009-03-04",2009,3,0.0,"IMD GRID MODEL"
"Tamil Nadu","Thiruvarur","2009-03-05",2009,3,0.0,"IMD GRID MODEL"
"Tamil Nadu","Thiruvarur","2009-03-01",2009,3,0.0,"IMD GRID MODEL"
"Tamil Nadu","Thiruvarur","2009-03-07",2009,3,0.0,"IMD GRID MODEL"
"Tamil Nadu","Thiruvarur","2009-03-08",2009,3,3.954014531,"IMD GRID MODEL"
"Tamil Nadu","Thiruvarur","2009-03-10",2009,3,0.0,"IMD GRID MODEL"
"Tamil Nadu","Thiruvarur","2009-03-11",2009,3,0.0,"IMD GRID MODEL"
"Tamil Nadu","Thiruvarur","2009-03-12",2009,3,0.0,"IMD GRID MODEL"
"Tamil Nadu","Thiruvarur","2009-03-13",2009,3,0.0,"IMD GRID MODEL"
"Tamil Nadu","Thiruvarur","2009-03-14",2009,3,0.0,"IMD GRID MODEL"
"Tamil Nadu","Thiruvarur","2009-03-15",2009,3,0.0,"IMD GRID MODEL"
"Tamil Nadu","Thiruvarur","2009-03-16",2009,3,0.0,"IMD GRID MODEL"
"Tamil Nadu","Thiruvarur","2009-03-18",2009,3,0.0,"IMD GRID MODEL"
"Tamil Nadu","Thiruvarur","2009-03-19",2009,3,0.0,"IMD GRID MODEL"
"Tamil Nadu","Thiruvarur","2009-03-21",2009,3,0.0,"IMD GRID MODEL"
"Tamil Nadu","Thiruvarur","2009-03-22",2009,3,0.0,"IMD GRID MODEL"
"Tamil Nadu","Thiruvarur","2009-03-23",2009,3,0.0,"IMD GRID MODEL"
"Tamil Nadu","Thiruvarur","2009-03-24",2009,3,0.0,"IMD GRID MODEL"
"Tamil Nadu","Thiruvarur","2009-03-25",2009,3,0.0,"IMD GRID MODEL"
"Tamil Nadu","Thiruvarur","2009-03-26",2009,3,0.0,"IMD GRID MODEL"
"Tamil Nadu","Thiruvarur","2009-03-27",2009,3,0.0,"IMD GRID MODEL"
"Tamil Nadu","Thiruvarur","2009-03-29",2009,3,0.0,"IMD GRID MODEL"
"Tamil Nadu","Thiruvarur","2009-03-30",2009,3,0.0,"IMD GRID MODEL"
"Tamil Nadu","Thiruvarur","2009-03-06",2009,3,0.0,"IMD GRID MODEL"
"Tamil Nadu","Thiruvarur","2009-03-09",2009,3,0.0,"IMD GRID MODEL"
"Tamil Nadu","Thiruvarur","2009-03-17",2009,3,0.0,"IMD GRID MODEL"
"Tamil Nadu","Thiruvarur","2009-03-20",2009,3,0.0,"IMD GRID MODEL"
"Tamil Nadu","Thiruvarur","2009-03-28",2009,3,0.0,"IMD GRID MODEL"
"Tamil Nadu","Thiruvarur","2009-03-31",2009,3,0.0,"IMD GRID MODEL"
"Tamil Nadu","Thiruvarur","2009-05-01",2009,5,0.0,"IMD GRID MODEL"
"Tamil Nadu","Thiruvarur","2009-05-02",2009,5,0.0,"IMD GRID MODEL"
"Tamil Nadu","Thiruvarur","2009-05-04",2009,5,0.0,"IMD GRID MODEL"
"Tamil Nadu","Thiruvarur","2009-05-05",2009,5,0.0,"IMD GRID MODEL"
"Tamil Nadu","Thiruvarur","2009-05-06",2009,5,0.0,"IMD GRID MODEL"
"Tamil Nadu","Thiruvarur","2009-05-07",2009,5,0.0,"IMD GRID MODEL"
"Tamil Nadu","Thiruvarur","2009-05-08",2009,5,0.292367262,"IMD GRID MODEL"
"Tamil Nadu","Thiruvarur","2009-05-09",2009,5,1.1417854,"IMD GRID MODEL"
"Tamil Nadu","Thiruvarur","2009-05-10",2009,5,31.01580829,"IMD GRID MODEL"
"Tamil Nadu","Thiruvarur","2009-05-12",2009,5,0.435438723,"IMD GRID MODEL"
"Tamil Nadu","Thiruvarur","2009-05-13",2009,5,0.0,"IMD GRID MODEL"
"Tamil Nadu","Thiruvarur","2009-05-15",2009,5,0.0,"IMD GRID MODEL"
"Tamil Nadu","Thiruvarur","2009-05-16",2009,5,0.0,"IMD GRID MODEL"
"Tamil Nadu","Thiruvarur","2009-05-17",2009,5,0.0,"IMD GRID MODEL"
"Tamil Nadu","Thiruvarur","2009-05-18",2009,5,0.0,"IMD GRID MODEL"
"Tamil Nadu","Thiruvarur","2009-05-19",2009,5,0.0,"IMD GRID MODEL"
"Tamil Nadu","Thiruvarur","2009-05-20",2009,5,0.0,"IMD GRID MODEL"
"Tamil Nadu","Thiruvarur","2009-05-21",2009,5,0.0,"IMD GRID MODEL"
"Tamil Nadu","Thiruvarur","2009-05-23",2009,5,0.0,"IMD GRID MODEL"
"Tamil Nadu","Thiruvarur","2009-05-24",2009,5,0.0,"IMD GRID MODEL"
"Tamil Nadu","Thiruvarur","2009-05-26",2009,5,0.0,"IMD GRID MODEL"
"Tamil Nadu","Thiruvarur","2009-05-27",2009,5,0.0,"IMD GRID MODEL"
"Tamil Nadu","Thiruvarur","2009-05-29",2009,5,0.0,"IMD GRID MODEL"
"Tamil Nadu","Thiruvarur","2009-05-30",2009,5,0.0,"IMD GRID MODEL"
"Tamil Nadu","Thiruvarur","2009-05-28",2009,5,0.0,"IMD GRID MODEL"
"Tamil Nadu","Thiruvarur","2009-05-31",2009,5,0.0,"IMD GRID MODEL"
"Tamil Nadu","Thiruvarur","2009-05-03",2009,5,0.0,"IMD GRID MODEL"
"Tamil Nadu","Thiruvarur","2009-05-11",2009,5,59.19921577,"IMD GRID MODEL"
"Tamil Nadu","Thiruvarur","2009-05-14",2009,5,0.0,"IMD GRID MODEL"
"Tamil Nadu","Thiruvarur","2009-05-22",2009,5,0.0,"IMD GRID MODEL"
"Tamil Nadu","Thiruvarur","2009-05-25",2009,5,0.0,"IMD GRID MODEL"
"Tamil Nadu","Thiruvarur","2009-11-01",2009,11,0.597108002,"IMD GRID MODEL"
"Tamil Nadu","Thiruvarur","2009-11-02",2009,11,0.0,"IMD GRID MODEL"
"Tamil Nadu","Thiruvarur","2009-11-04",2009,11,0.0,"IMD GRID MODEL"
"Tamil Nadu","Thiruvarur","2009-11-05",2009,11,0.0,"IMD GRID MODEL"
"Tamil Nadu","Thiruvarur","2009-11-07",2009,11,4.572576984,"IMD GRID MODEL"
"Tamil Nadu","Thiruvarur","2009-11-08",2009,11,0.0,"IMD GRID MODEL"
"Tamil Nadu","Thiruvarur","2009-11-09",2009,11,0.0,"IMD GRID MODEL"
"Tamil Nadu","Thiruvarur","2009-11-10",2009,11,26.62125197,"IMD GRID MODEL"
"Tamil Nadu","Thiruvarur","2009-11-11",2009,11,4.338206264,"IMD GRID MODEL"
"Tamil Nadu","Thiruvarur","2009-11-12",2009,11,2.341320688,"IMD GRID MODEL"
"Tamil Nadu","Thiruvarur","2009-11-13",2009,11,0.0,"IMD GRID MODEL"
"Tamil Nadu","Thiruvarur","2009-11-15",2009,11,0.0,"IMD GRID MODEL"
"Tamil Nadu","Thiruvarur","2009-11-16",2009,11,0.0,"IMD GRID MODEL"
"Tamil Nadu","Thiruvarur","2009-11-18",2009,11,0.171182762,"IMD GRID MODEL"
"Tamil Nadu","Thiruvarur","2009-11-19",2009,11,0.0,"IMD GRID MODEL"
"Tamil Nadu","Thiruvarur","2009-11-20",2009,11,0.0,"IMD GRID MODEL"
"Tamil Nadu","Thiruvarur","2009-11-21",2009,11,0.0,"IMD GRID MODEL"
"Tamil Nadu","Thiruvarur","2009-11-22",2009,11,0.0,"IMD GRID MODEL"
"Tamil Nadu","Thiruvarur","2009-11-23",2009,11,0.0,"IMD GRID MODEL"
"Tamil Nadu","Thiruvarur","2009-11-24",2009,11,0.0,"IMD GRID MODEL"
"Tamil Nadu","Thiruvarur","2009-11-26",2009,11,5.461051676,"IMD GRID MODEL"
"Tamil Nadu","Thiruvarur","2009-11-29",2009,11,6.839507469,"IMD GRID MODEL"
"Tamil Nadu","Thiruvarur","2009-11-27",2009,11,16.01332078,"IMD GRID MODEL"
"Tamil Nadu","Thiruvarur","2009-11-30",2009,11,21.21500343,"IMD GRID MODEL"
"Tamil Nadu","Thiruvarur","2009-11-03",2009,11,0.0,"IMD GRID MODEL"
"Tamil Nadu","Thiruvarur","2009-11-06",2009,11,0.0,"IMD GRID MODEL"
"Tamil Nadu","Thiruvarur","2009-11-14",2009,11,0.0,"IMD GRID MODEL"
"Tamil Nadu","Thiruvarur","2009-11-17",2009,11,5.75620759,"IMD GRID MODEL"
"Tamil Nadu","Thiruvarur","2009-11-25",2009,11,0.0,"IMD GRID MODEL"
"Tamil Nadu","Thiruvarur","2009-11-28",2009,11,16.84805075,"IMD GRID MODEL"
"Tamil Nadu","Thiruvarur","2009-10-02",2009,10,0.256225284,"IMD GRID MODEL"
"Tamil Nadu","Thiruvarur","2009-10-03",2009,10,0.120635424,"IMD GRID MODEL"
"Tamil Nadu","Thiruvarur","2009-10-05",2009,10,0.0,"IMD GRID MODEL"
"Tamil Nadu","Thiruvarur","2009-10-06",2009,10,0.0,"IMD GRID MODEL"
"Tamil Nadu","Thiruvarur","2009-10-07",2009,10,0.0,"IMD GRID MODEL"
"Tamil Nadu","Thiruvarur","2009-10-08",2009,10,0.0,"IMD GRID MODEL"
"Tamil Nadu","Thiruvarur","2009-10-09",2009,10,0.006612465,"IMD GRID MODEL"
"Tamil Nadu","Thiruvarur","2009-10-10",2009,10,0.0,"IMD GRID MODEL"
"Tamil Nadu","Thiruvarur","2009-10-11",2009,10,0.0,"IMD GRID MODEL"
"Tamil Nadu","Thiruvarur","2009-10-13",2009,10,0.0,"IMD GRID MODEL"
"Tamil Nadu","Thiruvarur","2009-10-14",2009,10,1.987573483,"IMD GRID MODEL"
"Tamil Nadu","Thiruvarur","2009-10-16",2009,10,9.696728108,"IMD GRID MODEL"
"Tamil Nadu","Thiruvarur","2009-10-17",2009,10,0.221829148,"IMD GRID MODEL"
"Tamil Nadu","Thiruvarur","2009-10-18",2009,10,15.09485568,"IMD GRID MODEL"
"Tamil Nadu","Thiruvarur","2009-10-19",2009,10,0.13445446,"IMD GRID MODEL"
"Tamil Nadu","Thiruvarur","2009-10-20",2009,10,0.0,"IMD GRID MODEL"
"Tamil Nadu","Thiruvarur","2009-10-21",2009,10,6.003261336,"IMD GRID MODEL"
"Tamil Nadu","Thiruvarur","2009-10-22",2009,10,0.281320255,"IMD GRID MODEL"
"Tamil Nadu","Thiruvarur","2009-10-24",2009,10,0.0,"IMD GRID MODEL"
"Tamil Nadu","Thiruvarur","2009-10-25",2009,10,0.088433004,"IMD GRID MODEL"
"Tamil Nadu","Thiruvarur","2009-10-27",2009,10,0.0,"IMD GRID MODEL"
"Tamil Nadu","Thiruvarur","2009-10-28",2009,10,5.078853251,"IMD GRID MODEL"
"Tamil Nadu","Thiruvarur","2009-10-29",2009,10,0.0,"IMD GRID MODEL"
"Tamil Nadu","Thiruvarur","2009-10-30",2009,10,0.0,"IMD GRID MODEL"
"Tamil Nadu","Thiruvarur","2009-10-31",2009,10,1.525477865,"IMD GRID MODEL"
"Tamil Nadu","Thiruvarur","2009-10-01",2009,10,1.428678109,"IMD GRID MODEL"
"Tamil Nadu","Thiruvarur","2009-10-04",2009,10,0.017686009,"IMD GRID MODEL"
"Tamil Nadu","Thiruvarur","2009-10-12",2009,10,0.0,"IMD GRID MODEL"
"Tamil Nadu","Thiruvarur","2009-10-15",2009,10,1.317396967,"IMD GRID MODEL"
"Tamil Nadu","Thiruvarur","2009-10-23",2009,10,0.0,"IMD GRID MODEL"
"Tamil Nadu","Thiruvarur","2009-10-26",2009,10,1.562284392,"IMD GRID MODEL"
"Tamil Nadu","Thiruvarur","2009-09-02",2009,9,0.0,"IMD GRID MODEL"
"Tamil Nadu","Thiruvarur","2009-09-03",2009,9,0.0,"IMD GRID MODEL"
"Tamil Nadu","Thiruvarur","2009-09-04",2009,9,0.0,"IMD GRID MODEL"
"Tamil Nadu","Thiruvarur","2009-09-05",2009,9,0.0,"IMD GRID MODEL"
"Tamil Nadu","Thiruvarur","2009-09-06",2009,9,0.0,"IMD GRID MODEL"
"Tamil Nadu","Thiruvarur","2009-09-07",2009,9,0.0,"IMD GRID MODEL"
"Tamil Nadu","Thiruvarur","2009-09-08",2009,9,0.0,"IMD GRID MODEL"
"Tamil Nadu","Thiruvarur","2009-09-10",2009,9,0.685246932,"IMD GRID MODEL"
"Tamil Nadu","Thiruvarur","2009-09-11",2009,9,18.37838729,"IMD GRID MODEL"
"Tamil Nadu","Thiruvarur","2009-09-13",2009,9,0.018881733,"IMD GRID MODEL"
"Tamil Nadu","Thiruvarur","2009-09-14",2009,9,0.0,"IMD GRID MODEL"
"Tamil Nadu","Thiruvarur","2009-09-15",2009,9,13.07548164,"IMD GRID MODEL"
"Tamil Nadu","Thiruvarur","2009-09-16",2009,9,0.463159209,"IMD GRID MODEL"
"Tamil Nadu","Thiruvarur","2009-09-17",2009,9,7.051802674,"IMD GRID MODEL"
"Tamil Nadu","Thiruvarur","2009-09-18",2009,9,0.029747687,"IMD GRID MODEL"
"Tamil Nadu","Thiruvarur","2009-09-19",2009,9,3.003678258,"IMD GRID MODEL"
"Tamil Nadu","Thiruvarur","2009-09-21",2009,9,0.007552693,"IMD GRID MODEL"
"Tamil Nadu","Thiruvarur","2009-09-22",2009,9,11.83197425,"IMD GRID MODEL"
"Tamil Nadu","Thiruvarur","2009-09-24",2009,9,0.0,"IMD GRID MODEL"
"Tamil Nadu","Thiruvarur","2009-09-25",2009,9,0.0,"IMD GRID MODEL"
"Tamil Nadu","Thiruvarur","2009-09-26",2009,9,0.0,"IMD GRID MODEL"
"Tamil Nadu","Thiruvarur","2009-09-27",2009,9,0.0,"IMD GRID MODEL"
"Tamil Nadu","Thiruvarur","2009-09-28",2009,9,0.0,"IMD GRID MODEL"
"Tamil Nadu","Thiruvarur","2009-09-29",2009,9,0.0,"IMD GRID MODEL"
"Tamil Nadu","Thiruvarur","2009-09-30",2009,9,0.205960892,"IMD GRID MODEL"
"Tamil Nadu","Thiruvarur","2009-09-01",2009,9,0.0,"IMD GRID MODEL"
"Tamil Nadu","Thiruvarur","2009-09-09",2009,9,18.06936851,"IMD GRID MODEL"
"Tamil Nadu","Thiruvarur","2009-09-12",2009,9,2.81589523,"IMD GRID MODEL"
"Tamil Nadu","Thiruvarur","2009-09-20",2009,9,0.03797699,"IMD GRID MODEL"
"Tamil Nadu","Thiruvarur","2009-09-23",2009,9,0.883800945,"IMD GRID MODEL"
"Tamil Nadu","Thiruvarur","2010-04-02",2010,4,0.0,"IMD GRID MODEL"
"Tamil Nadu","Thiruvarur","2010-04-03",2010,4,0.0,"IMD GRID MODEL"
"Tamil Nadu","Thiruvarur","2010-04-04",2010,4,0.0,"IMD GRID MODEL"
"Tamil Nadu","Thiruvarur","2010-04-05",2010,4,0.0,"IMD GRID MODEL"
"Tamil Nadu","Thiruvarur","2010-04-06",2010,4,0.0,"IMD GRID MODEL"
"Tamil Nadu","Thiruvarur","2010-04-07",2010,4,0.0,"IMD GRID MODEL"
"Tamil Nadu","Thiruvarur","2010-04-08",2010,4,0.0,"IMD GRID MODEL"
"Tamil Nadu","Thiruvarur","2010-04-09",2010,4,0.0,"IMD GRID MODEL"
"Tamil Nadu","Thiruvarur","2010-04-10",2010,4,0.0,"IMD GRID MODEL"
"Tamil Nadu","Thiruvarur","2010-04-11",2010,4,0.0,"IMD GRID MODEL"
"Tamil Nadu","Thiruvarur","2010-04-12",2010,4,0.0,"IMD GRID MODEL"
"Tamil Nadu","Thiruvarur","2010-04-13",2010,4,0.0,"IMD GRID MODEL"
"Tamil Nadu","Thiruvarur","2010-04-14",2010,4,0.0,"IMD GRID MODEL"
"Tamil Nadu","Thiruvarur","2010-04-15",2010,4,0.0,"IMD GRID MODEL"
"Tamil Nadu","Thiruvarur","2010-04-16",2010,4,0.0,"IMD GRID MODEL"
"Tamil Nadu","Thiruvarur","2010-04-17",2010,4,0.0,"IMD GRID MODEL"
"Tamil Nadu","Thiruvarur","2010-04-18",2010,4,0.0,"IMD GRID MODEL"
"Tamil Nadu","Thiruvarur","2010-04-19",2010,4,0.0,"IMD GRID MODEL"
"Tamil Nadu","Thiruvarur","2010-04-20",2010,4,0.0,"IMD GRID MODEL"
"Tamil Nadu","Thiruvarur","2010-04-21",2010,4,0.0,"IMD GRID MODEL"
"Tamil Nadu","Thiruvarur","2010-04-22",2010,4,0.0,"IMD GRID MODEL"
"Tamil Nadu","Thiruvarur","2010-04-01",2010,4,0.0,"IMD GRID MODEL"
"Tamil Nadu","Thiruvarur","2010-04-23",2010,4,0.0,"IMD GRID MODEL"
"Tamil Nadu","Thiruvarur","2010-04-24",2010,4,0.0,"IMD GRID MODEL"
"Tamil Nadu","Thiruvarur","2010-04-26",2010,4,0.0,"IMD GRID MODEL"
"Tamil Nadu","Thiruvarur","2010-04-27",2010,4,0.0,"IMD GRID MODEL"
"Tamil Nadu","Thiruvarur","2010-04-28",2010,4,0.0,"IMD GRID MODEL"
"Tamil Nadu","Thiruvarur","2010-04-29",2010,4,0.0,"IMD GRID MODEL"
"Tamil Nadu","Thiruvarur","2010-04-30",2010,4,0.0,"IMD GRID MODEL"
"Tamil Nadu","Thiruvarur","2010-04-25",2010,4,0.0,"IMD GRID MODEL"
"Tamil Nadu","Thiruvarur","2010-08-01",2010,8,0.0,"IMD GRID MODEL"
"Tamil Nadu","Thiruvarur","2010-08-03",2010,8,0.0,"IMD GRID MODEL"
"Tamil Nadu","Thiruvarur","2010-08-04",2010,8,0.0,"IMD GRID MODEL"
"Tamil Nadu","Thiruvarur","2010-08-05",2010,8,0.0,"IMD GRID MODEL"
"Tamil Nadu","Thiruvarur","2010-08-06",2010,8,0.0,"IMD GRID MODEL"
"Tamil Nadu","Thiruvarur","2010-08-07",2010,8,0.0,"IMD GRID MODEL"
"Tamil Nadu","Thiruvarur","2010-08-08",2010,8,0.0,"IMD GRID MODEL"
"Tamil Nadu","Thiruvarur","2010-08-09",2010,8,0.0,"IMD GRID MODEL"
"Tamil Nadu","Thiruvarur","2010-08-10",2010,8,0.0,"IMD GRID MODEL"
"Tamil Nadu","Thiruvarur","2010-08-11",2010,8,0.0,"IMD GRID MODEL"
"Tamil Nadu","Thiruvarur","2010-08-12",2010,8,0.0,"IMD GRID MODEL"
"Tamil Nadu","Thiruvarur","2010-08-13",2010,8,0.0,"IMD GRID MODEL"
"Tamil Nadu","Thiruvarur","2010-08-14",2010,8,0.0,"IMD GRID MODEL"
"Tamil Nadu","Thiruvarur","2010-08-15",2010,8,0.0,"IMD GRID MODEL"
"Tamil Nadu","Thiruvarur","2010-08-16",2010,8,0.0,"IMD GRID MODEL"
"Tamil Nadu","Thiruvarur","2010-08-17",2010,8,0.0,"IMD GRID MODEL"
"Tamil Nadu","Thiruvarur","2010-08-18",2010,8,0.0,"IMD GRID MODEL"
"Tamil Nadu","Thiruvarur","2010-08-19",2010,8,0.0,"IMD GRID MODEL"
"Tamil Nadu","Thiruvarur","2010-08-20",2010,8,0.0,"IMD GRID MODEL"
"Tamil Nadu","Thiruvarur","2010-08-21",2010,8,0.0,"IMD GRID MODEL"
"Tamil Nadu","Thiruvarur","2010-08-22",2010,8,0.0,"IMD GRID MODEL"
"Tamil Nadu","Thiruvarur","2010-08-23",2010,8,0.0,"IMD GRID MODEL"
"Tamil Nadu","Thiruvarur","2010-08-24",2010,8,0.0,"IMD GRID MODEL"
"Tamil Nadu","Thiruvarur","2010-08-25",2010,8,0.0,"IMD GRID MODEL"
"Tamil Nadu","Thiruvarur","2010-08-26",2010,8,0.0,"IMD GRID MODEL"
"Tamil Nadu","Thiruvarur","2010-08-27",2010,8,0.0,"IMD GRID MODEL"
"Tamil Nadu","Thiruvarur","2010-08-28",2010,8,0.0,"IMD GRID MODEL"
"Tamil Nadu","Thiruvarur","2010-08-29",2010,8,0.0,"IMD GRID MODEL"
"Tamil Nadu","Thiruvarur","2010-08-30",2010,8,0.0,"IMD GRID MODEL"
"Tamil Nadu","Thiruvarur","2010-08-31",2010,8,0.0,"IMD GRID MODEL"
"Tamil Nadu","Thiruvarur","2010-08-02",2010,8,0.0,"IMD GRID MODEL"
"Tamil Nadu","Thiruvarur","2010-12-01",2010,12,0.0,"IMD GRID MODEL"
"Tamil Nadu","Thiruvarur","2010-12-02",2010,12,0.0,"IMD GRID MODEL"
"Tamil Nadu","Thiruvarur","2010-12-04",2010,12,0.0,"IMD GRID MODEL"
"Tamil Nadu","Thiruvarur","2010-12-05",2010,12,0.0,"IMD GRID MODEL"
"Tamil Nadu","Thiruvarur","2010-12-06",2010,12,0.0,"IMD GRID MODEL"
"Tamil Nadu","Thiruvarur","2010-12-07",2010,12,0.0,"IMD GRID MODEL"
"Tamil Nadu","Thiruvarur","2010-12-08",2010,12,0.0,"IMD GRID MODEL"
"Tamil Nadu","Thiruvarur","2010-12-09",2010,12,0.0,"IMD GRID MODEL"
"Tamil Nadu","Thiruvarur","2010-12-10",2010,12,0.0,"IMD GRID MODEL"
"Tamil Nadu","Thiruvarur","2010-12-11",2010,12,0.0,"IMD GRID MODEL"
"Tamil Nadu","Thiruvarur","2010-12-12",2010,12,0.0,"IMD GRID MODEL"
"Tamil Nadu","Thiruvarur","2010-12-13",2010,12,0.0,"IMD GRID MODEL"
"Tamil Nadu","Thiruvarur","2010-12-14",2010,12,0.0,"IMD GRID MODEL"
"Tamil Nadu","Thiruvarur","2010-12-15",2010,12,0.0,"IMD GRID MODEL"
"Tamil Nadu","Thiruvarur","2010-12-16",2010,12,0.0,"IMD GRID MODEL"
"Tamil Nadu","Thiruvarur","2010-12-17",2010,12,0.0,"IMD GRID MODEL"
"Tamil Nadu","Thiruvarur","2010-12-18",2010,12,0.0,"IMD GRID MODEL"
"Tamil Nadu","Thiruvarur","2010-12-19",2010,12,0.0,"IMD GRID MODEL"
"Tamil Nadu","Thiruvarur","2010-12-20",2010,12,0.0,"IMD GRID MODEL"
"Tamil Nadu","Thiruvarur","2010-12-21",2010,12,0.0,"IMD GRID MODEL"
"Tamil Nadu","Thiruvarur","2010-12-22",2010,12,0.0,"IMD GRID MODEL"
"Tamil Nadu","Thiruvarur","2010-12-23",2010,12,0.0,"IMD GRID MODEL"
"Tamil Nadu","Thiruvarur","2010-12-24",2010,12,0.0,"IMD GRID MODEL"
"Tamil Nadu","Thiruvarur","2010-12-25",2010,12,0.0,"IMD GRID MODEL"
"Tamil Nadu","Thiruvarur","2010-12-03",2010,12,0.0,"IMD GRID MODEL"
"Tamil Nadu","Thiruvarur","2010-12-26",2010,12,0.0,"IMD GRID MODEL"
"Tamil Nadu","Thiruvarur","2010-12-27",2010,12,0.0,"IMD GRID MODEL"
"Tamil Nadu","Thiruvarur","2010-12-29",2010,12,0.0,"IMD GRID MODEL"
"Tamil Nadu","Thiruvarur","2010-12-30",2010,12,0.0,"IMD GRID MODEL"
"Tamil Nadu","Thiruvarur","2010-12-31",2010,12,0.0,"IMD GRID MODEL"
"Tamil Nadu","Thiruvarur","2010-12-28",2010,12,0.0,"IMD GRID MODEL"
"Tamil Nadu","Thiruvarur","2010-02-01",2010,2,0.0,"IMD GRID MODEL"
"Tamil Nadu","Thiruvarur","2010-02-01",2010,2,0.0,"IMD GRID MODEL"
"Tamil Nadu","Thiruvarur","2010-02-01",2010,2,0.0,"IMD GRID MODEL"
"Tamil Nadu","Thiruvarur","2010-02-01",2010,2,0.0,"IMD GRID MODEL"
"Tamil Nadu","Thiruvarur","2010-02-01",2010,2,0.0,"IMD GRID MODEL"
"Tamil Nadu","Thiruvarur","2010-02-01",2010,2,0.0,"IMD GRID MODEL"
"Tamil Nadu","Thiruvarur","2010-02-01",2010,2,0.0,"IMD GRID MODEL"
"Tamil Nadu","Thiruvarur","2010-02-01",2010,2,0.0,"IMD GRID MODEL"
"Tamil Nadu","Thiruvarur","2010-02-01",2010,2,0.0,"IMD GRID MODEL"
"Tamil Nadu","Thiruvarur","2010-02-01",2010,2,0.0,"IMD GRID MODEL"
"Tamil Nadu","Thiruvarur","2010-02-01",2010,2,0.0,"IMD GRID MODEL"
"Tamil Nadu","Thiruvarur","2010-02-02",2010,2,0.0,"IMD GRID MODEL"
"Tamil Nadu","Thiruvarur","2010-02-02",2010,2,0.0,"IMD GRID MODEL"
"Tamil Nadu","Thiruvarur","2010-02-02",2010,2,0.0,"IMD GRID MODEL"
"Tamil Nadu","Thiruvarur","2010-02-02",2010,2,0.0,"IMD GRID MODEL"
"Tamil Nadu","Thiruvarur","2010-02-02",2010,2,0.0,"IMD GRID MODEL"
"Tamil Nadu","Thiruvarur","2010-02-02",2010,2,0.0,"IMD GRID MODEL"
"Tamil Nadu","Thiruvarur","2010-02-02",2010,2,0.0,"IMD GRID MODEL"
"Tamil Nadu","Thiruvarur","2010-02-02",2010,2,0.0,"IMD GRID MODEL"
"Tamil Nadu","Thiruvarur","2010-02-02",2010,2,0.0,"IMD GRID MODEL"
"Tamil Nadu","Thiruvarur","2010-02-02",2010,2,0.0,"IMD GRID MODEL"
"Tamil Nadu","Thiruvarur","2010-02-03",2010,2,0.0,"IMD GRID MODEL"
"Tamil Nadu","Thiruvarur","2010-02-03",2010,2,0.0,"IMD GRID MODEL"
"Tamil Nadu","Thiruvarur","2010-02-03",2010,2,0.0,"IMD GRID MODEL"
"Tamil Nadu","Thiruvarur","2010-02-03",2010,2,0.0,"IMD GRID MODEL"
"Tamil Nadu","Thiruvarur","2010-02-03",2010,2,0.0,"IMD GRID MODEL"
"Tamil Nadu","Thiruvarur","2010-02-03",2010,2,0.0,"IMD GRID MODEL"
"Tamil Nadu","Thiruvarur","2010-02-03",2010,2,0.0,"IMD GRID MODEL"
"Tamil Nadu","Thiruvarur","2010-02-03",2010,2,0.0,"IMD GRID MODEL"
"Tamil Nadu","Thiruvarur","2010-02-03",2010,2,0.0,"IMD GRID MODEL"
"Tamil Nadu","Thiruvarur","2010-02-03",2010,2,0.0,"IMD GRID MODEL"
"Tamil Nadu","Thiruvarur","2010-02-04",2010,2,0.0,"IMD GRID MODEL"
"Tamil Nadu","Thiruvarur","2010-02-04",2010,2,0.0,"IMD GRID MODEL"
"Tamil Nadu","Thiruvarur","2010-02-04",2010,2,0.0,"IMD GRID MODEL"
"Tamil Nadu","Thiruvarur","2010-02-04",2010,2,0.0,"IMD GRID MODEL"
"Tamil Nadu","Thiruvarur","2010-02-04",2010,2,0.0,"IMD GRID MODEL"
"Tamil Nadu","Thiruvarur","2010-02-04",2010,2,0.0,"IMD GRID MODEL"
"Tamil Nadu","Thiruvarur","2010-02-04",2010,2,0.0,"IMD GRID MODEL"
"Tamil Nadu","Thiruvarur","2010-02-04",2010,2,0.0,"IMD GRID MODEL"
"Tamil Nadu","Thiruvarur","2010-02-04",2010,2,0.0,"IMD GRID MODEL"
"Tamil Nadu","Thiruvarur","2010-02-04",2010,2,0.0,"IMD GRID MODEL"
"Tamil Nadu","Thiruvarur","2010-02-04",2010,2,0.0,"IMD GRID MODEL"
"Tamil Nadu","Thiruvarur","2010-02-05",2010,2,0.0,"IMD GRID MODEL"
"Tamil Nadu","Thiruvarur","2010-02-05",2010,2,0.0,"IMD GRID MODEL"
"Tamil Nadu","Thiruvarur","2010-02-05",2010,2,0.0,"IMD GRID MODEL"
"Tamil Nadu","Thiruvarur","2010-02-05",2010,2,0.0,"IMD GRID MODEL"
"Tamil Nadu","Thiruvarur","2010-02-05",2010,2,0.0,"IMD GRID MODEL"
"Tamil Nadu","Thiruvarur","2010-02-05",2010,2,0.0,"IMD GRID MODEL"
"Tamil Nadu","Thiruvarur","2010-02-05",2010,2,0.0,"IMD GRID MODEL"
"Tamil Nadu","Thiruvarur","2010-02-05",2010,2,0.0,"IMD GRID MODEL"
"Tamil Nadu","Thiruvarur","2010-02-05",2010,2,0.0,"IMD GRID MODEL"
"Tamil Nadu","Thiruvarur","2010-02-05",2010,2,0.0,"IMD GRID MODEL"
"Tamil Nadu","Thiruvarur","2010-02-05",2010,2,0.0,"IMD GRID MODEL"
"Tamil Nadu","Thiruvarur","2010-02-06",2010,2,0.0,"IMD GRID MODEL"
"Tamil Nadu","Thiruvarur","2010-02-06",2010,2,0.0,"IMD GRID MODEL"
"Tamil Nadu","Thiruvarur","2010-02-06",2010,2,0.0,"IMD GRID MODEL"
"Tamil Nadu","Thiruvarur","2010-02-06",2010,2,0.0,"IMD GRID MODEL"
"Tamil Nadu","Thiruvarur","2010-02-06",2010,2,0.0,"IMD GRID MODEL"
"Tamil Nadu","Thiruvarur","2010-02-06",2010,2,0.0,"IMD GRID MODEL"
"Tamil Nadu","Thiruvarur","2010-02-06",2010,2,0.0,"IMD GRID MODEL"
"Tamil Nadu","Thiruvarur","2010-02-06",2010,2,0.0,"IMD GRID MODEL"
"Tamil Nadu","Thiruvarur","2010-02-06",2010,2,0.0,"IMD GRID MODEL"
"Tamil Nadu","Thiruvarur","2010-02-06",2010,2,0.0,"IMD GRID MODEL"
"Tamil Nadu","Thiruvarur","2010-02-06",2010,2,0.0,"IMD GRID MODEL"
"Tamil Nadu","Thiruvarur","2010-02-07",2010,2,0.0,"IMD GRID MODEL"
"Tamil Nadu","Thiruvarur","2010-02-07",2010,2,0.0,"IMD GRID MODEL"
"Tamil Nadu","Thiruvarur","2010-02-07",2010,2,0.0,"IMD GRID MODEL"
"Tamil Nadu","Thiruvarur","2010-02-07",2010,2,0.0,"IMD GRID MODEL"
"Tamil Nadu","Thiruvarur","2010-02-07",2010,2,0.0,"IMD GRID MODEL"
"Tamil Nadu","Thiruvarur","2010-02-07",2010,2,0.0,"IMD GRID MODEL"
"Tamil Nadu","Thiruvarur","2010-02-07",2010,2,0.0,"IMD GRID MODEL"
"Tamil Nadu","Thiruvarur","2010-02-07",2010,2,0.0,"IMD GRID MODEL"
"Tamil Nadu","Thiruvarur","2010-02-07",2010,2,0.0,"IMD GRID MODEL"
"Tamil Nadu","Thiruvarur","2010-02-07",2010,2,0.0,"IMD GRID MODEL"
"Tamil Nadu","Thiruvarur","2010-02-07",2010,2,0.0,"IMD GRID MODEL"
"Tamil Nadu","Thiruvarur","2010-02-08",2010,2,0.0,"IMD GRID MODEL"
"Tamil Nadu","Thiruvarur","2010-02-08",2010,2,0.0,"IMD GRID MODEL"
"Tamil Nadu","Thiruvarur","2010-02-08",2010,2,0.0,"IMD GRID MODEL"
"Tamil Nadu","Thiruvarur","2010-02-08",2010,2,0.0,"IMD GRID MODEL"
"Tamil Nadu","Thiruvarur","2010-02-08",2010,2,0.0,"IMD GRID MODEL"
"Tamil Nadu","Thiruvarur","2010-02-08",2010,2,0.0,"IMD GRID MODEL"
"Tamil Nadu","Thiruvarur","2010-02-08",2010,2,0.0,"IMD GRID MODEL"
"Tamil Nadu","Thiruvarur","2010-02-08",2010,2,0.0,"IMD GRID MODEL"
"Tamil Nadu","Thiruvarur","2010-02-08",2010,2,0.0,"IMD GRID MODEL"
"Tamil Nadu","Thiruvarur","2010-02-09",2010,2,0.0,"IMD GRID MODEL"
"Tamil Nadu","Thiruvarur","2010-02-09",2010,2,0.0,"IMD GRID MODEL"
"Tamil Nadu","Thiruvarur","2010-02-09",2010,2,0.0,"IMD GRID MODEL"
"Tamil Nadu","Thiruvarur","2010-02-09",2010,2,0.0,"IMD GRID MODEL"
"Tamil Nadu","Thiruvarur","2010-02-09",2010,2,0.0,"IMD GRID MODEL"
"Tamil Nadu","Thiruvarur","2010-02-09",2010,2,0.0,"IMD GRID MODEL"
"Tamil Nadu","Thiruvarur","2010-02-09",2010,2,0.0,"IMD GRID MODEL"
"Tamil Nadu","Thiruvarur","2010-02-09",2010,2,0.0,"IMD GRID MODEL"
"Tamil Nadu","Thiruvarur","2010-02-09",2010,2,0.0,"IMD GRID MODEL"
"Tamil Nadu","Thiruvarur","2010-02-10",2010,2,0.0,"IMD GRID MODEL"
"Tamil Nadu","Thiruvarur","2010-02-10",2010,2,0.0,"IMD GRID MODEL"
"Tamil Nadu","Thiruvarur","2010-02-10",2010,2,0.0,"IMD GRID MODEL"
"Tamil Nadu","Thiruvarur","2010-02-10",2010,2,0.0,"IMD GRID MODEL"
"Tamil Nadu","Thiruvarur","2010-02-10",2010,2,0.0,"IMD GRID MODEL"
"Tamil Nadu","Thiruvarur","2010-02-10",2010,2,0.0,"IMD GRID MODEL"
"Tamil Nadu","Thiruvarur","2010-02-10",2010,2,0.0,"IMD GRID MODEL"
"Tamil Nadu","Thiruvarur","2010-02-10",2010,2,0.0,"IMD GRID MODEL"
"Tamil Nadu","Thiruvarur","2010-02-10",2010,2,0.0,"IMD GRID MODEL"
"Tamil Nadu","Thiruvarur","2010-02-10",2010,2,0.0,"IMD GRID MODEL"
"Tamil Nadu","Thiruvarur","2010-02-10",2010,2,0.0,"IMD GRID MODEL"
"Tamil Nadu","Thiruvarur","2010-02-11",2010,2,0.0,"IMD GRID MODEL"
"Tamil Nadu","Thiruvarur","2010-02-11",2010,2,0.0,"IMD GRID MODEL"
"Tamil Nadu","Thiruvarur","2010-02-11",2010,2,0.0,"IMD GRID MODEL"
"Tamil Nadu","Thiruvarur","2010-02-11",2010,2,0.0,"IMD GRID MODEL"
"Tamil Nadu","Thiruvarur","2010-02-11",2010,2,0.0,"IMD GRID MODEL"
"Tamil Nadu","Thiruvarur","2010-02-11",2010,2,0.0,"IMD GRID MODEL"
"Tamil Nadu","Thiruvarur","2010-02-11",2010,2,0.0,"IMD GRID MODEL"
"Tamil Nadu","Thiruvarur","2010-02-11",2010,2,0.0,"IMD GRID MODEL"
"Tamil Nadu","Thiruvarur","2010-02-11",2010,2,0.0,"IMD GRID MODEL"
"Tamil Nadu","Thiruvarur","2010-02-11",2010,2,0.0,"IMD GRID MODEL"
"Tamil Nadu","Thiruvarur","2010-02-11",2010,2,0.0,"IMD GRID MODEL"
"Tamil Nadu","Thiruvarur","2010-02-12",2010,2,0.0,"IMD GRID MODEL"
"Tamil Nadu","Thiruvarur","2010-02-12",2010,2,0.0,"IMD GRID MODEL"
"Tamil Nadu","Thiruvarur","2010-02-12",2010,2,0.0,"IMD GRID MODEL"
"Tamil Nadu","Thiruvarur","2010-02-12",2010,2,0.0,"IMD GRID MODEL"
"Tamil Nadu","Thiruvarur","2010-02-12",2010,2,0.0,"IMD GRID MODEL"
"Tamil Nadu","Thiruvarur","2010-02-12",2010,2,0.0,"IMD GRID MODEL"
"Tamil Nadu","Thiruvarur","2010-02-12",2010,2,0.0,"IMD GRID MODEL"
"Tamil Nadu","Thiruvarur","2010-02-12",2010,2,0.0,"IMD GRID MODEL"
"Tamil Nadu","Thiruvarur","2010-02-12",2010,2,0.0,"IMD GRID MODEL"
"Tamil Nadu","Thiruvarur","2010-02-12",2010,2,0.0,"IMD GRID MODEL"
"Tamil Nadu","Thiruvarur","2010-02-12",2010,2,0.0,"IMD GRID MODEL"
"Tamil Nadu","Thiruvarur","2010-02-13",2010,2,0.0,"IMD GRID MODEL"
"Tamil Nadu","Thiruvarur","2010-02-13",2010,2,0.0,"IMD GRID MODEL"
"Tamil Nadu","Thiruvarur","2010-02-13",2010,2,0.0,"IMD GRID MODEL"
"Tamil Nadu","Thiruvarur","2010-02-13",2010,2,0.0,"IMD GRID MODEL"
"Tamil Nadu","Thiruvarur","2010-02-13",2010,2,0.0,"IMD GRID MODEL"
"Tamil Nadu","Thiruvarur","2010-02-13",2010,2,0.0,"IMD GRID MODEL"
"Tamil Nadu","Thiruvarur","2010-02-13",2010,2,0.0,"IMD GRID MODEL"
"Tamil Nadu","Thiruvarur","2010-02-13",2010,2,0.0,"IMD GRID MODEL"
"Tamil Nadu","Thiruvarur","2010-02-13",2010,2,0.0,"IMD GRID MODEL"
"Tamil Nadu","Thiruvarur","2010-02-13",2010,2,0.0,"IMD GRID MODEL"
"Tamil Nadu","Thiruvarur","2010-02-13",2010,2,0.0,"IMD GRID MODEL"
"Tamil Nadu","Thiruvarur","2010-02-14",2010,2,0.0,"IMD GRID MODEL"
"Tamil Nadu","Thiruvarur","2010-02-14",2010,2,0.0,"IMD GRID MODEL"
"Tamil Nadu","Thiruvarur","2010-02-14",2010,2,0.0,"IMD GRID MODEL"
"Tamil Nadu","Thiruvarur","2010-02-14",2010,2,0.0,"IMD GRID MODEL"
"Tamil Nadu","Thiruvarur","2010-02-14",2010,2,0.0,"IMD GRID MODEL"
"Tamil Nadu","Thiruvarur","2010-02-14",2010,2,0.0,"IMD GRID MODEL"
"Tamil Nadu","Thiruvarur","2010-02-14",2010,2,0.0,"IMD GRID MODEL"
"Tamil Nadu","Thiruvarur","2010-02-14",2010,2,0.0,"IMD GRID MODEL"
"Tamil Nadu","Thiruvarur","2010-02-14",2010,2,0.0,"IMD GRID MODEL"
"Tamil Nadu","Thiruvarur","2010-02-14",2010,2,0.0,"IMD GRID MODEL"
"Tamil Nadu","Thiruvarur","2010-02-14",2010,2,0.0,"IMD GRID MODEL"
"Tamil Nadu","Thiruvarur","2010-02-15",2010,2,0.0,"IMD GRID MODEL"
"Tamil Nadu","Thiruvarur","2010-02-15",2010,2,0.0,"IMD GRID MODEL"
"Tamil Nadu","Thiruvarur","2010-02-15",2010,2,0.0,"IMD GRID MODEL"
"Tamil Nadu","Thiruvarur","2010-02-15",2010,2,0.0,"IMD GRID MODEL"
"Tamil Nadu","Thiruvarur","2010-02-15",2010,2,0.0,"IMD GRID MODEL"
"Tamil Nadu","Thiruvarur","2010-02-15",2010,2,0.0,"IMD GRID MODEL"
"Tamil Nadu","Thiruvarur","2010-02-15",2010,2,0.0,"IMD GRID MODEL"
"Tamil Nadu","Thiruvarur","2010-02-15",2010,2,0.0,"IMD GRID MODEL"
"Tamil Nadu","Thiruvarur","2010-02-15",2010,2,0.0,"IMD GRID MODEL"
"Tamil Nadu","Thiruvarur","2010-02-15",2010,2,0.0,"IMD GRID MODEL"
"Tamil Nadu","Thiruvarur","2010-02-15",2010,2,0.0,"IMD GRID MODEL"
"Tamil Nadu","Thiruvarur","2010-02-16",2010,2,0.0,"IMD GRID MODEL"
"Tamil Nadu","Thiruvarur","2010-02-16",2010,2,0.0,"IMD GRID MODEL"
"Tamil Nadu","Thiruvarur","2010-02-16",2010,2,0.0,"IMD GRID MODEL"
"Tamil Nadu","Thiruvarur","2010-02-16",2010,2,0.0,"IMD GRID MODEL"
"Tamil Nadu","Thiruvarur","2010-02-16",2010,2,0.0,"IMD GRID MODEL"
"Tamil Nadu","Thiruvarur","2010-02-16",2010,2,0.0,"IMD GRID MODEL"
"Tamil Nadu","Thiruvarur","2010-02-16",2010,2,0.0,"IMD GRID MODEL"
"Tamil Nadu","Thiruvarur","2010-02-16",2010,2,0.0,"IMD GRID MODEL"
"Tamil Nadu","Thiruvarur","2010-02-16",2010,2,0.0,"IMD GRID MODEL"
"Tamil Nadu","Thiruvarur","2010-02-16",2010,2,0.0,"IMD GRID MODEL"
"Tamil Nadu","Thiruvarur","2010-02-17",2010,2,0.0,"IMD GRID MODEL"
"Tamil Nadu","Thiruvarur","2010-02-17",2010,2,0.0,"IMD GRID MODEL"
"Tamil Nadu","Thiruvarur","2010-02-17",2010,2,0.0,"IMD GRID MODEL"
"Tamil Nadu","Thiruvarur","2010-02-17",2010,2,0.0,"IMD GRID MODEL"
"Tamil Nadu","Thiruvarur","2010-02-17",2010,2,0.0,"IMD GRID MODEL"
"Tamil Nadu","Thiruvarur","2010-02-17",2010,2,0.0,"IMD GRID MODEL"
"Tamil Nadu","Thiruvarur","2010-02-17",2010,2,0.0,"IMD GRID MODEL"
"Tamil Nadu","Thiruvarur","2010-02-17",2010,2,0.0,"IMD GRID MODEL"
"Tamil Nadu","Thiruvarur","2010-02-17",2010,2,0.0,"IMD GRID MODEL"
"Tamil Nadu","Thiruvarur","2010-02-17",2010,2,0.0,"IMD GRID MODEL"
"Tamil Nadu","Thiruvarur","2010-02-17",2010,2,0.0,"IMD GRID MODEL"
"Tamil Nadu","Thiruvarur","2010-02-18",2010,2,0.0,"IMD GRID MODEL"
"Tamil Nadu","Thiruvarur","2010-02-18",2010,2,0.0,"IMD GRID MODEL"
"Tamil Nadu","Thiruvarur","2010-02-18",2010,2,0.0,"IMD GRID MODEL"
"Tamil Nadu","Thiruvarur","2010-02-18",2010,2,0.0,"IMD GRID MODEL"
"Tamil Nadu","Thiruvarur","2010-02-18",2010,2,0.0,"IMD GRID MODEL"
"Tamil Nadu","Thiruvarur","2010-02-18",2010,2,0.0,"IMD GRID MODEL"
"Tamil Nadu","Thiruvarur","2010-02-18",2010,2,0.0,"IMD GRID MODEL"
"Tamil Nadu","Thiruvarur","2010-02-18",2010,2,0.0,"IMD GRID MODEL"
"Tamil Nadu","Thiruvarur","2010-02-18",2010,2,0.0,"IMD GRID MODEL"
"Tamil Nadu","Thiruvarur","2010-02-19",2010,2,0.0,"IMD GRID MODEL"
"Tamil Nadu","Thiruvarur","2010-02-19",2010,2,0.0,"IMD GRID MODEL"
"Tamil Nadu","Thiruvarur","2010-02-19",2010,2,0.0,"IMD GRID MODEL"
"Tamil Nadu","Thiruvarur","2010-02-19",2010,2,0.0,"IMD GRID MODEL"
"Tamil Nadu","Thiruvarur","2010-02-19",2010,2,0.0,"IMD GRID MODEL"
"Tamil Nadu","Thiruvarur","2010-02-19",2010,2,0.0,"IMD GRID MODEL"
"Tamil Nadu","Thiruvarur","2010-02-19",2010,2,0.0,"IMD GRID MODEL"
"Tamil Nadu","Thiruvarur","2010-02-19",2010,2,0.0,"IMD GRID MODEL"
"Tamil Nadu","Thiruvarur","2010-02-19",2010,2,0.0,"IMD GRID MODEL"
"Tamil Nadu","Thiruvarur","2010-02-19",2010,2,0.0,"IMD GRID MODEL"
"Tamil Nadu","Thiruvarur","2010-02-19",2010,2,0.0,"IMD GRID MODEL"
"Tamil Nadu","Thiruvarur","2010-02-20",2010,2,0.0,"IMD GRID MODEL"
"Tamil Nadu","Thiruvarur","2010-02-20",2010,2,0.0,"IMD GRID MODEL"
"Tamil Nadu","Thiruvarur","2010-02-20",2010,2,0.0,"IMD GRID MODEL"
"Tamil Nadu","Thiruvarur","2010-02-20",2010,2,0.0,"IMD GRID MODEL"
"Tamil Nadu","Thiruvarur","2010-02-20",2010,2,0.0,"IMD GRID MODEL"
"Tamil Nadu","Thiruvarur","2010-02-20",2010,2,0.0,"IMD GRID MODEL"
"Tamil Nadu","Thiruvarur","2010-02-20",2010,2,0.0,"IMD GRID MODEL"
"Tamil Nadu","Thiruvarur","2010-02-20",2010,2,0.0,"IMD GRID MODEL"
"Tamil Nadu","Thiruvarur","2010-02-20",2010,2,0.0,"IMD GRID MODEL"
"Tamil Nadu","Thiruvarur","2010-02-20",2010,2,0.0,"IMD GRID MODEL"
"Tamil Nadu","Thiruvarur","2010-02-20",2010,2,0.0,"IMD GRID MODEL"
"Tamil Nadu","Thiruvarur","2010-02-21",2010,2,0.0,"IMD GRID MODEL"
"Tamil Nadu","Thiruvarur","2010-02-21",2010,2,0.0,"IMD GRID MODEL"
"Tamil Nadu","Thiruvarur","2010-02-21",2010,2,0.0,"IMD GRID MODEL"
"Tamil Nadu","Thiruvarur","2010-02-21",2010,2,0.0,"IMD GRID MODEL"
"Tamil Nadu","Thiruvarur","2010-02-21",2010,2,0.0,"IMD GRID MODEL"
"Tamil Nadu","Thiruvarur","2010-02-21",2010,2,0.0,"IMD GRID MODEL"
"Tamil Nadu","Thiruvarur","2010-02-21",2010,2,0.0,"IMD GRID MODEL"
"Tamil Nadu","Thiruvarur","2010-02-21",2010,2,0.0,"IMD GRID MODEL"
"Tamil Nadu","Thiruvarur","2010-02-21",2010,2,0.0,"IMD GRID MODEL"
"Tamil Nadu","Thiruvarur","2010-02-21",2010,2,0.0,"IMD GRID MODEL"
"Tamil Nadu","Thiruvarur","2010-02-21",2010,2,0.0,"IMD GRID MODEL"
"Tamil Nadu","Thiruvarur","2010-02-22",2010,2,0.0,"IMD GRID MODEL"
"Tamil Nadu","Thiruvarur","2010-02-22",2010,2,0.0,"IMD GRID MODEL"
"Tamil Nadu","Thiruvarur","2010-02-22",2010,2,0.0,"IMD GRID MODEL"
"Tamil Nadu","Thiruvarur","2010-02-22",2010,2,0.0,"IMD GRID MODEL"
"Tamil Nadu","Thiruvarur","2010-02-22",2010,2,0.0,"IMD GRID MODEL"
"Tamil Nadu","Thiruvarur","2010-02-22",2010,2,0.0,"IMD GRID MODEL"
"Tamil Nadu","Thiruvarur","2010-02-22",2010,2,0.0,"IMD GRID MODEL"
"Tamil Nadu","Thiruvarur","2010-02-22",2010,2,0.0,"IMD GRID MODEL"
"Tamil Nadu","Thiruvarur","2010-02-22",2010,2,0.0,"IMD GRID MODEL"
"Tamil Nadu","Thiruvarur","2010-02-22",2010,2,0.0,"IMD GRID MODEL"
"Tamil Nadu","Thiruvarur","2010-02-22",2010,2,0.0,"IMD GRID MODEL"
"Tamil Nadu","Thiruvarur","2010-02-23",2010,2,0.0,"IMD GRID MODEL"
"Tamil Nadu","Thiruvarur","2010-02-23",2010,2,0.0,"IMD GRID MODEL"
"Tamil Nadu","Thiruvarur","2010-02-23",2010,2,0.0,"IMD GRID MODEL"
"Tamil Nadu","Thiruvarur","2010-02-23",2010,2,0.0,"IMD GRID MODEL"
"Tamil Nadu","Thiruvarur","2010-02-23",2010,2,0.0,"IMD GRID MODEL"
"Tamil Nadu","Thiruvarur","2010-02-23",2010,2,0.0,"IMD GRID MODEL"
"Tamil Nadu","Thiruvarur","2010-02-23",2010,2,0.0,"IMD GRID MODEL"
"Tamil Nadu","Thiruvarur","2010-02-23",2010,2,0.0,"IMD GRID MODEL"
"Tamil Nadu","Thiruvarur","2010-02-23",2010,2,0.0,"IMD GRID MODEL"
"Tamil Nadu","Thiruvarur","2010-02-23",2010,2,0.0,"IMD GRID MODEL"
"Tamil Nadu","Thiruvarur","2010-02-23",2010,2,0.0,"IMD GRID MODEL"
"Tamil Nadu","Thiruvarur","2010-02-24",2010,2,0.0,"IMD GRID MODEL"
"Tamil Nadu","Thiruvarur","2010-02-24",2010,2,0.0,"IMD GRID MODEL"
"Tamil Nadu","Thiruvarur","2010-02-24",2010,2,0.0,"IMD GRID MODEL"
"Tamil Nadu","Thiruvarur","2010-02-24",2010,2,0.0,"IMD GRID MODEL"
"Tamil Nadu","Thiruvarur","2010-02-24",2010,2,0.0,"IMD GRID MODEL"
"Tamil Nadu","Thiruvarur","2010-02-24",2010,2,0.0,"IMD GRID MODEL"
"Tamil Nadu","Thiruvarur","2010-02-24",2010,2,0.0,"IMD GRID MODEL"
"Tamil Nadu","Thiruvarur","2010-02-24",2010,2,0.0,"IMD GRID MODEL"
"Tamil Nadu","Thiruvarur","2010-02-24",2010,2,0.0,"IMD GRID MODEL"
"Tamil Nadu","Thiruvarur","2010-02-24",2010,2,0.0,"IMD GRID MODEL"
"Tamil Nadu","Thiruvarur","2010-02-24",2010,2,0.0,"IMD GRID MODEL"
"Tamil Nadu","Thiruvarur","2010-02-25",2010,2,0.0,"IMD GRID MODEL"
"Tamil Nadu","Thiruvarur","2010-02-25",2010,2,0.0,"IMD GRID MODEL"
"Tamil Nadu","Thiruvarur","2010-02-25",2010,2,0.0,"IMD GRID MODEL"
"Tamil Nadu","Thiruvarur","2010-02-25",2010,2,0.0,"IMD GRID MODEL"
"Tamil Nadu","Thiruvarur","2010-02-25",2010,2,0.0,"IMD GRID MODEL"
"Tamil Nadu","Thiruvarur","2010-02-25",2010,2,0.0,"IMD GRID MODEL"
"Tamil Nadu","Thiruvarur","2010-02-25",2010,2,0.0,"IMD GRID MODEL"
"Tamil Nadu","Thiruvarur","2010-02-25",2010,2,0.0,"IMD GRID MODEL"
"Tamil Nadu","Thiruvarur","2010-02-25",2010,2,0.0,"IMD GRID MODEL"
"Tamil Nadu","Thiruvarur","2010-02-25",2010,2,0.0,"IMD GRID MODEL"
"Tamil Nadu","Thiruvarur","2010-02-25",2010,2,0.0,"IMD GRID MODEL"
"Tamil Nadu","Thiruvarur","2010-02-26",2010,2,0.0,"IMD GRID MODEL"
"Tamil Nadu","Thiruvarur","2010-02-26",2010,2,0.0,"IMD GRID MODEL"
"Tamil Nadu","Thiruvarur","2010-02-26",2010,2,0.0,"IMD GRID MODEL"
"Tamil Nadu","Thiruvarur","2010-02-26",2010,2,0.0,"IMD GRID MODEL"
"Tamil Nadu","Thiruvarur","2010-02-26",2010,2,0.0,"IMD GRID MODEL"
"Tamil Nadu","Thiruvarur","2010-02-26",2010,2,0.0,"IMD GRID MODEL"
"Tamil Nadu","Thiruvarur","2010-02-26",2010,2,0.0,"IMD GRID MODEL"
"Tamil Nadu","Thiruvarur","2010-02-26",2010,2,0.0,"IMD GRID MODEL"
"Tamil Nadu","Thiruvarur","2010-02-26",2010,2,0.0,"IMD GRID MODEL"
"Tamil Nadu","Thiruvarur","2010-02-26",2010,2,0.0,"IMD GRID MODEL"
"Tamil Nadu","Thiruvarur","2010-02-26",2010,2,0.0,"IMD GRID MODEL"
"Tamil Nadu","Thiruvarur","2010-02-27",2010,2,0.0,"IMD GRID MODEL"
"Tamil Nadu","Thiruvarur","2010-02-27",2010,2,0.0,"IMD GRID MODEL"
"Tamil Nadu","Thiruvarur","2010-02-27",2010,2,0.0,"IMD GRID MODEL"
"Tamil Nadu","Thiruvarur","2010-02-27",2010,2,0.0,"IMD GRID MODEL"
"Tamil Nadu","Thiruvarur","2010-02-27",2010,2,0.0,"IMD GRID MODEL"
"Tamil Nadu","Thiruvarur","2010-02-27",2010,2,0.0,"IMD GRID MODEL"
"Tamil Nadu","Thiruvarur","2010-02-27",2010,2,0.0,"IMD GRID MODEL"
"Tamil Nadu","Thiruvarur","2010-02-27",2010,2,0.0,"IMD GRID MODEL"
"Tamil Nadu","Thiruvarur","2010-02-27",2010,2,0.0,"IMD GRID MODEL"
"Tamil Nadu","Thiruvarur","2010-02-27",2010,2,0.0,"IMD GRID MODEL"
"Tamil Nadu","Thiruvarur","2010-02-27",2010,2,0.0,"IMD GRID MODEL"
"Tamil Nadu","Thiruvarur","2010-02-28",2010,2,0.0,"IMD GRID MODEL"
"Tamil Nadu","Thiruvarur","2010-02-28",2010,2,0.0,"IMD GRID MODEL"
"Tamil Nadu","Thiruvarur","2010-02-28",2010,2,0.0,"IMD GRID MODEL"
"Tamil Nadu","Thiruvarur","2010-02-28",2010,2,0.0,"IMD GRID MODEL"
"Tamil Nadu","Thiruvarur","2010-02-28",2010,2,0.0,"IMD GRID MODEL"
"Tamil Nadu","Thiruvarur","2010-02-28",2010,2,0.0,"IMD GRID MODEL"
"Tamil Nadu","Thiruvarur","2010-02-28",2010,2,0.0,"IMD GRID MODEL"
"Tamil Nadu","Thiruvarur","2010-02-28",2010,2,0.0,"IMD GRID MODEL"
"Tamil Nadu","Thiruvarur","2010-02-28",2010,2,0.0,"IMD GRID MODEL"
"Tamil Nadu","Thiruvarur","2010-02-28",2010,2,0.0,"IMD GRID MODEL"
"Tamil Nadu","Thiruvarur","2010-02-28",2010,2,0.0,"IMD GRID MODEL"
"Tamil Nadu","Thiruvarur","2010-02-02",2010,2,0.0,"IMD GRID MODEL"
"Tamil Nadu","Thiruvarur","2010-02-03",2010,2,0.0,"IMD GRID MODEL"
"Tamil Nadu","Thiruvarur","2010-02-08",2010,2,0.0,"IMD GRID MODEL"
"Tamil Nadu","Thiruvarur","2010-02-09",2010,2,0.0,"IMD GRID MODEL"
"Tamil Nadu","Thiruvarur","2010-02-16",2010,2,0.0,"IMD GRID MODEL"
"Tamil Nadu","Thiruvarur","2010-02-08",2010,2,0.0,"IMD GRID MODEL"
"Tamil Nadu","Thiruvarur","2010-02-18",2010,2,0.0,"IMD GRID MODEL"
"Tamil Nadu","Thiruvarur","2010-02-18",2010,2,0.0,"IMD GRID MODEL"
"Tamil Nadu","Thiruvarur","2010-02-09",2010,2,0.0,"IMD GRID MODEL"
"Tamil Nadu","Thiruvarur","2010-01-01",2010,1,0.0,"IMD GRID MODEL"
"Tamil Nadu","Thiruvarur","2010-01-01",2010,1,0.0,"IMD GRID MODEL"
"Tamil Nadu","Thiruvarur","2010-01-01",2010,1,0.0,"IMD GRID MODEL"
"Tamil Nadu","Thiruvarur","2010-01-01",2010,1,0.0,"IMD GRID MODEL"
"Tamil Nadu","Thiruvarur","2010-01-01",2010,1,0.0,"IMD GRID MODEL"
"Tamil Nadu","Thiruvarur","2010-01-01",2010,1,0.0,"IMD GRID MODEL"
"Tamil Nadu","Thiruvarur","2010-01-01",2010,1,0.0,"IMD GRID MODEL"
"Tamil Nadu","Thiruvarur","2010-01-01",2010,1,0.0,"IMD GRID MODEL"
"Tamil Nadu","Thiruvarur","2010-01-01",2010,1,0.0,"IMD GRID MODEL"
"Tamil Nadu","Thiruvarur","2010-01-01",2010,1,0.0,"IMD GRID MODEL"
"Tamil Nadu","Thiruvarur","2010-01-01",2010,1,0.0,"IMD GRID MODEL"
"Tamil Nadu","Thiruvarur","2010-01-02",2010,1,0.0,"IMD GRID MODEL"
"Tamil Nadu","Thiruvarur","2010-01-02",2010,1,0.0,"IMD GRID MODEL"
"Tamil Nadu","Thiruvarur","2010-01-02",2010,1,0.0,"IMD GRID MODEL"
"Tamil Nadu","Thiruvarur","2010-01-02",2010,1,0.0,"IMD GRID MODEL"
"Tamil Nadu","Thiruvarur","2010-01-02",2010,1,0.0,"IMD GRID MODEL"
"Tamil Nadu","Thiruvarur","2010-01-02",2010,1,0.0,"IMD GRID MODEL"
"Tamil Nadu","Thiruvarur","2010-01-02",2010,1,0.0,"IMD GRID MODEL"
"Tamil Nadu","Thiruvarur","2010-01-02",2010,1,0.0,"IMD GRID MODEL"
"Tamil Nadu","Thiruvarur","2010-01-02",2010,1,0.0,"IMD GRID MODEL"
"Tamil Nadu","Thiruvarur","2010-01-02",2010,1,0.0,"IMD GRID MODEL"
"Tamil Nadu","Thiruvarur","2010-01-02",2010,1,0.0,"IMD GRID MODEL"
"Tamil Nadu","Thiruvarur","2010-01-03",2010,1,0.0,"IMD GRID MODEL"
"Tamil Nadu","Thiruvarur","2010-01-03",2010,1,0.0,"IMD GRID MODEL"
"Tamil Nadu","Thiruvarur","2010-01-03",2010,1,0.0,"IMD GRID MODEL"
"Tamil Nadu","Thiruvarur","2010-01-03",2010,1,0.0,"IMD GRID MODEL"
"Tamil Nadu","Thiruvarur","2010-01-03",2010,1,0.0,"IMD GRID MODEL"
"Tamil Nadu","Thiruvarur","2010-01-03",2010,1,0.0,"IMD GRID MODEL"
"Tamil Nadu","Thiruvarur","2010-01-03",2010,1,0.0,"IMD GRID MODEL"
"Tamil Nadu","Thiruvarur","2010-01-03",2010,1,0.0,"IMD GRID MODEL"
"Tamil Nadu","Thiruvarur","2010-01-03",2010,1,0.0,"IMD GRID MODEL"
"Tamil Nadu","Thiruvarur","2010-01-03",2010,1,0.0,"IMD GRID MODEL"
"Tamil Nadu","Thiruvarur","2010-01-03",2010,1,0.0,"IMD GRID MODEL"
"Tamil Nadu","Thiruvarur","2010-01-04",2010,1,0.0,"IMD GRID MODEL"
"Tamil Nadu","Thiruvarur","2010-01-04",2010,1,0.0,"IMD GRID MODEL"
"Tamil Nadu","Thiruvarur","2010-01-04",2010,1,0.0,"IMD GRID MODEL"
"Tamil Nadu","Thiruvarur","2010-01-04",2010,1,0.0,"IMD GRID MODEL"
"Tamil Nadu","Thiruvarur","2010-01-04",2010,1,0.0,"IMD GRID MODEL"
"Tamil Nadu","Thiruvarur","2010-01-04",2010,1,0.0,"IMD GRID MODEL"
"Tamil Nadu","Thiruvarur","2010-01-04",2010,1,0.0,"IMD GRID MODEL"
"Tamil Nadu","Thiruvarur","2010-01-04",2010,1,0.0,"IMD GRID MODEL"
"Tamil Nadu","Thiruvarur","2010-01-05",2010,1,0.0,"IMD GRID MODEL"
"Tamil Nadu","Thiruvarur","2010-01-05",2010,1,0.0,"IMD GRID MODEL"
"Tamil Nadu","Thiruvarur","2010-01-05",2010,1,0.0,"IMD GRID MODEL"
"Tamil Nadu","Thiruvarur","2010-01-05",2010,1,0.0,"IMD GRID MODEL"
"Tamil Nadu","Thiruvarur","2010-01-05",2010,1,0.0,"IMD GRID MODEL"
"Tamil Nadu","Thiruvarur","2010-01-05",2010,1,0.0,"IMD GRID MODEL"
"Tamil Nadu","Thiruvarur","2010-01-05",2010,1,0.0,"IMD GRID MODEL"
"Tamil Nadu","Thiruvarur","2010-01-05",2010,1,0.0,"IMD GRID MODEL"
"Tamil Nadu","Thiruvarur","2010-01-05",2010,1,0.0,"IMD GRID MODEL"
"Tamil Nadu","Thiruvarur","2010-01-05",2010,1,0.0,"IMD GRID MODEL"
"Tamil Nadu","Thiruvarur","2010-01-06",2010,1,0.0,"IMD GRID MODEL"
"Tamil Nadu","Thiruvarur","2010-01-06",2010,1,0.0,"IMD GRID MODEL"
"Tamil Nadu","Thiruvarur","2010-01-06",2010,1,0.0,"IMD GRID MODEL"
"Tamil Nadu","Thiruvarur","2010-01-06",2010,1,0.0,"IMD GRID MODEL"
"Tamil Nadu","Thiruvarur","2010-01-06",2010,1,0.0,"IMD GRID MODEL"
"Tamil Nadu","Thiruvarur","2010-01-06",2010,1,0.0,"IMD GRID MODEL"
"Tamil Nadu","Thiruvarur","2010-01-06",2010,1,0.0,"IMD GRID MODEL"
"Tamil Nadu","Thiruvarur","2010-01-06",2010,1,0.0,"IMD GRID MODEL"
"Tamil Nadu","Thiruvarur","2010-01-06",2010,1,0.0,"IMD GRID MODEL"
"Tamil Nadu","Thiruvarur","2010-01-06",2010,1,0.0,"IMD GRID MODEL"
"Tamil Nadu","Thiruvarur","2010-01-06",2010,1,0.0,"IMD GRID MODEL"
"Tamil Nadu","Thiruvarur","2010-01-07",2010,1,0.0,"IMD GRID MODEL"
"Tamil Nadu","Thiruvarur","2010-01-07",2010,1,0.0,"IMD GRID MODEL"
"Tamil Nadu","Thiruvarur","2010-01-07",2010,1,0.0,"IMD GRID MODEL"
"Tamil Nadu","Thiruvarur","2010-01-07",2010,1,0.0,"IMD GRID MODEL"
"Tamil Nadu","Thiruvarur","2010-01-07",2010,1,0.0,"IMD GRID MODEL"
"Tamil Nadu","Thiruvarur","2010-01-07",2010,1,0.0,"IMD GRID MODEL"
"Tamil Nadu","Thiruvarur","2010-01-07",2010,1,0.0,"IMD GRID MODEL"
"Tamil Nadu","Thiruvarur","2010-01-07",2010,1,0.0,"IMD GRID MODEL"
"Tamil Nadu","Thiruvarur","2010-01-07",2010,1,0.0,"IMD GRID MODEL"
"Tamil Nadu","Thiruvarur","2010-01-07",2010,1,0.0,"IMD GRID MODEL"
"Tamil Nadu","Thiruvarur","2010-01-07",2010,1,0.0,"IMD GRID MODEL"
"Tamil Nadu","Thiruvarur","2010-01-08",2010,1,0.0,"IMD GRID MODEL"
"Tamil Nadu","Thiruvarur","2010-01-08",2010,1,0.0,"IMD GRID MODEL"
"Tamil Nadu","Thiruvarur","2010-01-08",2010,1,0.0,"IMD GRID MODEL"
"Tamil Nadu","Thiruvarur","2010-01-08",2010,1,0.0,"IMD GRID MODEL"
"Tamil Nadu","Thiruvarur","2010-01-08",2010,1,0.0,"IMD GRID MODEL"
"Tamil Nadu","Thiruvarur","2010-01-08",2010,1,0.0,"IMD GRID MODEL"
"Tamil Nadu","Thiruvarur","2010-01-08",2010,1,0.0,"IMD GRID MODEL"
"Tamil Nadu","Thiruvarur","2010-01-08",2010,1,0.0,"IMD GRID MODEL"
"Tamil Nadu","Thiruvarur","2010-01-09",2010,1,0.0,"IMD GRID MODEL"
"Tamil Nadu","Thiruvarur","2010-01-09",2010,1,0.0,"IMD GRID MODEL"
"Tamil Nadu","Thiruvarur","2010-01-09",2010,1,0.0,"IMD GRID MODEL"
"Tamil Nadu","Thiruvarur","2010-01-09",2010,1,0.0,"IMD GRID MODEL"
"Tamil Nadu","Thiruvarur","2010-01-09",2010,1,0.0,"IMD GRID MODEL"
"Tamil Nadu","Thiruvarur","2010-01-09",2010,1,0.0,"IMD GRID MODEL"
"Tamil Nadu","Thiruvarur","2010-01-09",2010,1,0.0,"IMD GRID MODEL"
"Tamil Nadu","Thiruvarur","2010-01-09",2010,1,0.0,"IMD GRID MODEL"
"Tamil Nadu","Thiruvarur","2010-01-09",2010,1,0.0,"IMD GRID MODEL"
"Tamil Nadu","Thiruvarur","2010-01-09",2010,1,0.0,"IMD GRID MODEL"
"Tamil Nadu","Thiruvarur","2010-01-09",2010,1,0.0,"IMD GRID MODEL"
"Tamil Nadu","Thiruvarur","2010-01-10",2010,1,0.0,"IMD GRID MODEL"
"Tamil Nadu","Thiruvarur","2010-01-10",2010,1,0.0,"IMD GRID MODEL"
"Tamil Nadu","Thiruvarur","2010-01-10",2010,1,0.0,"IMD GRID MODEL"
"Tamil Nadu","Thiruvarur","2010-01-10",2010,1,0.0,"IMD GRID MODEL"
"Tamil Nadu","Thiruvarur","2010-01-10",2010,1,0.0,"IMD GRID MODEL"
"Tamil Nadu","Thiruvarur","2010-01-10",2010,1,0.0,"IMD GRID MODEL"
"Tamil Nadu","Thiruvarur","2010-01-10",2010,1,0.0,"IMD GRID MODEL"
"Tamil Nadu","Thiruvarur","2010-01-10",2010,1,0.0,"IMD GRID MODEL"
"Tamil Nadu","Thiruvarur","2010-01-10",2010,1,0.0,"IMD GRID MODEL"
"Tamil Nadu","Thiruvarur","2010-01-11",2010,1,0.0,"IMD GRID MODEL"
"Tamil Nadu","Thiruvarur","2010-01-11",2010,1,0.0,"IMD GRID MODEL"
"Tamil Nadu","Thiruvarur","2010-01-11",2010,1,0.0,"IMD GRID MODEL"
"Tamil Nadu","Thiruvarur","2010-01-11",2010,1,0.0,"IMD GRID MODEL"
"Tamil Nadu","Thiruvarur","2010-01-11",2010,1,0.0,"IMD GRID MODEL"
"Tamil Nadu","Thiruvarur","2010-01-11",2010,1,0.0,"IMD GRID MODEL"
"Tamil Nadu","Thiruvarur","2010-01-11",2010,1,0.0,"IMD GRID MODEL"
"Tamil Nadu","Thiruvarur","2010-01-11",2010,1,0.0,"IMD GRID MODEL"
"Tamil Nadu","Thiruvarur","2010-01-12",2010,1,0.0,"IMD GRID MODEL"
"Tamil Nadu","Thiruvarur","2010-01-12",2010,1,0.0,"IMD GRID MODEL"
"Tamil Nadu","Thiruvarur","2010-01-12",2010,1,0.0,"IMD GRID MODEL"
"Tamil Nadu","Thiruvarur","2010-01-12",2010,1,0.0,"IMD GRID MODEL"
"Tamil Nadu","Thiruvarur","2010-01-12",2010,1,0.0,"IMD GRID MODEL"
"Tamil Nadu","Thiruvarur","2010-01-12",2010,1,0.0,"IMD GRID MODEL"
"Tamil Nadu","Thiruvarur","2010-01-12",2010,1,0.0,"IMD GRID MODEL"
"Tamil Nadu","Thiruvarur","2010-01-12",2010,1,0.0,"IMD GRID MODEL"
"Tamil Nadu","Thiruvarur","2010-01-12",2010,1,0.0,"IMD GRID MODEL"
"Tamil Nadu","Thiruvarur","2010-01-12",2010,1,0.0,"IMD GRID MODEL"
"Tamil Nadu","Thiruvarur","2010-01-12",2010,1,0.0,"IMD GRID MODEL"
"Tamil Nadu","Thiruvarur","2010-01-13",2010,1,0.0,"IMD GRID MODEL"
"Tamil Nadu","Thiruvarur","2010-01-13",2010,1,0.0,"IMD GRID MODEL"
"Tamil Nadu","Thiruvarur","2010-01-13",2010,1,0.0,"IMD GRID MODEL"
"Tamil Nadu","Thiruvarur","2010-01-13",2010,1,0.0,"IMD GRID MODEL"
"Tamil Nadu","Thiruvarur","2010-01-13",2010,1,0.0,"IMD GRID MODEL"
"Tamil Nadu","Thiruvarur","2010-01-13",2010,1,0.0,"IMD GRID MODEL"
"Tamil Nadu","Thiruvarur","2010-01-13",2010,1,0.0,"IMD GRID MODEL"
"Tamil Nadu","Thiruvarur","2010-01-13",2010,1,0.0,"IMD GRID MODEL"
"Tamil Nadu","Thiruvarur","2010-01-13",2010,1,0.0,"IMD GRID MODEL"
"Tamil Nadu","Thiruvarur","2010-01-13",2010,1,0.0,"IMD GRID MODEL"
"Tamil Nadu","Thiruvarur","2010-01-13",2010,1,0.0,"IMD GRID MODEL"
"Tamil Nadu","Thiruvarur","2010-01-14",2010,1,0.0,"IMD GRID MODEL"
"Tamil Nadu","Thiruvarur","2010-01-14",2010,1,0.0,"IMD GRID MODEL"
"Tamil Nadu","Thiruvarur","2010-01-14",2010,1,0.0,"IMD GRID MODEL"
"Tamil Nadu","Thiruvarur","2010-01-14",2010,1,0.0,"IMD GRID MODEL"
"Tamil Nadu","Thiruvarur","2010-01-14",2010,1,0.0,"IMD GRID MODEL"
"Tamil Nadu","Thiruvarur","2010-01-14",2010,1,0.0,"IMD GRID MODEL"
"Tamil Nadu","Thiruvarur","2010-01-14",2010,1,0.0,"IMD GRID MODEL"
"Tamil Nadu","Thiruvarur","2010-01-14",2010,1,0.0,"IMD GRID MODEL"
"Tamil Nadu","Thiruvarur","2010-01-14",2010,1,0.0,"IMD GRID MODEL"
"Tamil Nadu","Thiruvarur","2010-01-15",2010,1,0.0,"IMD GRID MODEL"
"Tamil Nadu","Thiruvarur","2010-01-15",2010,1,0.0,"IMD GRID MODEL"
"Tamil Nadu","Thiruvarur","2010-01-15",2010,1,0.0,"IMD GRID MODEL"
"Tamil Nadu","Thiruvarur","2010-01-15",2010,1,0.0,"IMD GRID MODEL"
"Tamil Nadu","Thiruvarur","2010-01-15",2010,1,0.0,"IMD GRID MODEL"
"Tamil Nadu","Thiruvarur","2010-01-15",2010,1,0.0,"IMD GRID MODEL"
"Tamil Nadu","Thiruvarur","2010-01-15",2010,1,0.0,"IMD GRID MODEL"
"Tamil Nadu","Thiruvarur","2010-01-15",2010,1,0.0,"IMD GRID MODEL"
"Tamil Nadu","Thiruvarur","2010-01-15",2010,1,0.0,"IMD GRID MODEL"
"Tamil Nadu","Thiruvarur","2010-01-15",2010,1,0.0,"IMD GRID MODEL"
"Tamil Nadu","Thiruvarur","2010-01-15",2010,1,0.0,"IMD GRID MODEL"
"Tamil Nadu","Thiruvarur","2010-01-16",2010,1,0.0,"IMD GRID MODEL"
"Tamil Nadu","Thiruvarur","2010-01-16",2010,1,0.0,"IMD GRID MODEL"
"Tamil Nadu","Thiruvarur","2010-01-16",2010,1,0.0,"IMD GRID MODEL"
"Tamil Nadu","Thiruvarur","2010-01-16",2010,1,0.0,"IMD GRID MODEL"
"Tamil Nadu","Thiruvarur","2010-01-16",2010,1,0.0,"IMD GRID MODEL"
"Tamil Nadu","Thiruvarur","2010-01-16",2010,1,0.0,"IMD GRID MODEL"
"Tamil Nadu","Thiruvarur","2010-01-16",2010,1,0.0,"IMD GRID MODEL"
"Tamil Nadu","Thiruvarur","2010-01-16",2010,1,0.0,"IMD GRID MODEL"
"Tamil Nadu","Thiruvarur","2010-01-16",2010,1,0.0,"IMD GRID MODEL"
"Tamil Nadu","Thiruvarur","2010-01-16",2010,1,0.0,"IMD GRID MODEL"
"Tamil Nadu","Thiruvarur","2010-01-16",2010,1,0.0,"IMD GRID MODEL"
"Tamil Nadu","Thiruvarur","2010-01-17",2010,1,0.0,"IMD GRID MODEL"
"Tamil Nadu","Thiruvarur","2010-01-17",2010,1,0.0,"IMD GRID MODEL"
"Tamil Nadu","Thiruvarur","2010-01-17",2010,1,0.0,"IMD GRID MODEL"
"Tamil Nadu","Thiruvarur","2010-01-17",2010,1,0.0,"IMD GRID MODEL"
"Tamil Nadu","Thiruvarur","2010-01-17",2010,1,0.0,"IMD GRID MODEL"
"Tamil Nadu","Thiruvarur","2010-01-17",2010,1,0.0,"IMD GRID MODEL"
"Tamil Nadu","Thiruvarur","2010-01-17",2010,1,0.0,"IMD GRID MODEL"
"Tamil Nadu","Thiruvarur","2010-01-17",2010,1,0.0,"IMD GRID MODEL"
"Tamil Nadu","Thiruvarur","2010-01-17",2010,1,0.0,"IMD GRID MODEL"
"Tamil Nadu","Thiruvarur","2010-01-17",2010,1,0.0,"IMD GRID MODEL"
"Tamil Nadu","Thiruvarur","2010-01-17",2010,1,0.0,"IMD GRID MODEL"
"Tamil Nadu","Thiruvarur","2010-01-18",2010,1,0.0,"IMD GRID MODEL"
"Tamil Nadu","Thiruvarur","2010-01-18",2010,1,0.0,"IMD GRID MODEL"
"Tamil Nadu","Thiruvarur","2010-01-18",2010,1,0.0,"IMD GRID MODEL"
"Tamil Nadu","Thiruvarur","2010-01-18",2010,1,0.0,"IMD GRID MODEL"
"Tamil Nadu","Thiruvarur","2010-01-18",2010,1,0.0,"IMD GRID MODEL"
"Tamil Nadu","Thiruvarur","2010-01-18",2010,1,0.0,"IMD GRID MODEL"
"Tamil Nadu","Thiruvarur","2010-01-18",2010,1,0.0,"IMD GRID MODEL"
"Tamil Nadu","Thiruvarur","2010-01-18",2010,1,0.0,"IMD GRID MODEL"
"Tamil Nadu","Thiruvarur","2010-01-18",2010,1,0.0,"IMD GRID MODEL"
"Tamil Nadu","Thiruvarur","2010-01-19",2010,1,0.0,"IMD GRID MODEL"
"Tamil Nadu","Thiruvarur","2010-01-19",2010,1,0.0,"IMD GRID MODEL"
"Tamil Nadu","Thiruvarur","2010-01-19",2010,1,0.0,"IMD GRID MODEL"
"Tamil Nadu","Thiruvarur","2010-01-19",2010,1,0.0,"IMD GRID MODEL"
"Tamil Nadu","Thiruvarur","2010-01-19",2010,1,0.0,"IMD GRID MODEL"
"Tamil Nadu","Thiruvarur","2010-01-19",2010,1,0.0,"IMD GRID MODEL"
"Tamil Nadu","Thiruvarur","2010-01-19",2010,1,0.0,"IMD GRID MODEL"
"Tamil Nadu","Thiruvarur","2010-01-19",2010,1,0.0,"IMD GRID MODEL"
"Tamil Nadu","Thiruvarur","2010-01-19",2010,1,0.0,"IMD GRID MODEL"
"Tamil Nadu","Thiruvarur","2010-01-19",2010,1,0.0,"IMD GRID MODEL"
"Tamil Nadu","Thiruvarur","2010-01-20",2010,1,0.0,"IMD GRID MODEL"
"Tamil Nadu","Thiruvarur","2010-01-20",2010,1,0.0,"IMD GRID MODEL"
"Tamil Nadu","Thiruvarur","2010-01-20",2010,1,0.0,"IMD GRID MODEL"
"Tamil Nadu","Thiruvarur","2010-01-20",2010,1,0.0,"IMD GRID MODEL"
"Tamil Nadu","Thiruvarur","2010-01-20",2010,1,0.0,"IMD GRID MODEL"
"Tamil Nadu","Thiruvarur","2010-01-20",2010,1,0.0,"IMD GRID MODEL"
"Tamil Nadu","Thiruvarur","2010-01-20",2010,1,0.0,"IMD GRID MODEL"
"Tamil Nadu","Thiruvarur","2010-01-20",2010,1,0.0,"IMD GRID MODEL"
"Tamil Nadu","Thiruvarur","2010-01-20",2010,1,0.0,"IMD GRID MODEL"
"Tamil Nadu","Thiruvarur","2010-01-20",2010,1,0.0,"IMD GRID MODEL"
"Tamil Nadu","Thiruvarur","2010-01-21",2010,1,0.0,"IMD GRID MODEL"
"Tamil Nadu","Thiruvarur","2010-01-21",2010,1,0.0,"IMD GRID MODEL"
"Tamil Nadu","Thiruvarur","2010-01-21",2010,1,0.0,"IMD GRID MODEL"
"Tamil Nadu","Thiruvarur","2010-01-21",2010,1,0.0,"IMD GRID MODEL"
"Tamil Nadu","Thiruvarur","2010-01-21",2010,1,0.0,"IMD GRID MODEL"
"Tamil Nadu","Thiruvarur","2010-01-21",2010,1,0.0,"IMD GRID MODEL"
"Tamil Nadu","Thiruvarur","2010-01-21",2010,1,0.0,"IMD GRID MODEL"
"Tamil Nadu","Thiruvarur","2010-01-21",2010,1,0.0,"IMD GRID MODEL"
"Tamil Nadu","Thiruvarur","2010-01-21",2010,1,0.0,"IMD GRID MODEL"
"Tamil Nadu","Thiruvarur","2010-01-21",2010,1,0.0,"IMD GRID MODEL"
"Tamil Nadu","Thiruvarur","2010-01-21",2010,1,0.0,"IMD GRID MODEL"
"Tamil Nadu","Thiruvarur","2010-01-22",2010,1,0.0,"IMD GRID MODEL"
"Tamil Nadu","Thiruvarur","2010-01-22",2010,1,0.0,"IMD GRID MODEL"
"Tamil Nadu","Thiruvarur","2010-01-22",2010,1,0.0,"IMD GRID MODEL"
"Tamil Nadu","Thiruvarur","2010-01-22",2010,1,0.0,"IMD GRID MODEL"
"Tamil Nadu","Thiruvarur","2010-01-22",2010,1,0.0,"IMD GRID MODEL"
"Tamil Nadu","Thiruvarur","2010-01-22",2010,1,0.0,"IMD GRID MODEL"
"Tamil Nadu","Thiruvarur","2010-01-22",2010,1,0.0,"IMD GRID MODEL"
"Tamil Nadu","Thiruvarur","2010-01-22",2010,1,0.0,"IMD GRID MODEL"
"Tamil Nadu","Thiruvarur","2010-01-22",2010,1,0.0,"IMD GRID MODEL"
"Tamil Nadu","Thiruvarur","2010-01-23",2010,1,0.0,"IMD GRID MODEL"
"Tamil Nadu","Thiruvarur","2010-01-23",2010,1,0.0,"IMD GRID MODEL"
"Tamil Nadu","Thiruvarur","2010-01-23",2010,1,0.0,"IMD GRID MODEL"
"Tamil Nadu","Thiruvarur","2010-01-23",2010,1,0.0,"IMD GRID MODEL"
"Tamil Nadu","Thiruvarur","2010-01-23",2010,1,0.0,"IMD GRID MODEL"
"Tamil Nadu","Thiruvarur","2010-01-23",2010,1,0.0,"IMD GRID MODEL"
"Tamil Nadu","Thiruvarur","2010-01-23",2010,1,0.0,"IMD GRID MODEL"
"Tamil Nadu","Thiruvarur","2010-01-23",2010,1,0.0,"IMD GRID MODEL"
"Tamil Nadu","Thiruvarur","2010-01-23",2010,1,0.0,"IMD GRID MODEL"
"Tamil Nadu","Thiruvarur","2010-01-23",2010,1,0.0,"IMD GRID MODEL"
"Tamil Nadu","Thiruvarur","2010-01-23",2010,1,0.0,"IMD GRID MODEL"
"Tamil Nadu","Thiruvarur","2010-01-24",2010,1,0.0,"IMD GRID MODEL"
"Tamil Nadu","Thiruvarur","2010-01-24",2010,1,0.0,"IMD GRID MODEL"
"Tamil Nadu","Thiruvarur","2010-01-24",2010,1,0.0,"IMD GRID MODEL"
"Tamil Nadu","Thiruvarur","2010-01-24",2010,1,0.0,"IMD GRID MODEL"
"Tamil Nadu","Thiruvarur","2010-01-24",2010,1,0.0,"IMD GRID MODEL"
"Tamil Nadu","Thiruvarur","2010-01-24",2010,1,0.0,"IMD GRID MODEL"
"Tamil Nadu","Thiruvarur","2010-01-24",2010,1,0.0,"IMD GRID MODEL"
"Tamil Nadu","Thiruvarur","2010-01-24",2010,1,0.0,"IMD GRID MODEL"
"Tamil Nadu","Thiruvarur","2010-01-24",2010,1,0.0,"IMD GRID MODEL"
"Tamil Nadu","Thiruvarur","2010-01-24",2010,1,0.0,"IMD GRID MODEL"
"Tamil Nadu","Thiruvarur","2010-01-24",2010,1,0.0,"IMD GRID MODEL"
"Tamil Nadu","Thiruvarur","2010-01-25",2010,1,0.0,"IMD GRID MODEL"
"Tamil Nadu","Thiruvarur","2010-01-25",2010,1,0.0,"IMD GRID MODEL"
"Tamil Nadu","Thiruvarur","2010-01-25",2010,1,0.0,"IMD GRID MODEL"
"Tamil Nadu","Thiruvarur","2010-01-25",2010,1,0.0,"IMD GRID MODEL"
"Tamil Nadu","Thiruvarur","2010-01-25",2010,1,0.0,"IMD GRID MODEL"
"Tamil Nadu","Thiruvarur","2010-01-25",2010,1,0.0,"IMD GRID MODEL"
"Tamil Nadu","Thiruvarur","2010-01-25",2010,1,0.0,"IMD GRID MODEL"
"Tamil Nadu","Thiruvarur","2010-01-25",2010,1,0.0,"IMD GRID MODEL"
"Tamil Nadu","Thiruvarur","2010-01-25",2010,1,0.0,"IMD GRID MODEL"
"Tamil Nadu","Thiruvarur","2010-01-25",2010,1,0.0,"IMD GRID MODEL"
"Tamil Nadu","Thiruvarur","2010-01-25",2010,1,0.0,"IMD GRID MODEL"
"Tamil Nadu","Thiruvarur","2010-01-26",2010,1,0.0,"IMD GRID MODEL"
"Tamil Nadu","Thiruvarur","2010-01-26",2010,1,0.0,"IMD GRID MODEL"
"Tamil Nadu","Thiruvarur","2010-01-26",2010,1,0.0,"IMD GRID MODEL"
"Tamil Nadu","Thiruvarur","2010-01-26",2010,1,0.0,"IMD GRID MODEL"
"Tamil Nadu","Thiruvarur","2010-01-26",2010,1,0.0,"IMD GRID MODEL"
"Tamil Nadu","Thiruvarur","2010-01-26",2010,1,0.0,"IMD GRID MODEL"
"Tamil Nadu","Thiruvarur","2010-01-26",2010,1,0.0,"IMD GRID MODEL"
"Tamil Nadu","Thiruvarur","2010-01-26",2010,1,0.0,"IMD GRID MODEL"
"Tamil Nadu","Thiruvarur","2010-01-26",2010,1,0.0,"IMD GRID MODEL"
"Tamil Nadu","Thiruvarur","2010-01-26",2010,1,0.0,"IMD GRID MODEL"
"Tamil Nadu","Thiruvarur","2010-01-26",2010,1,0.0,"IMD GRID MODEL"
"Tamil Nadu","Thiruvarur","2010-01-27",2010,1,0.0,"IMD GRID MODEL"
"Tamil Nadu","Thiruvarur","2010-01-27",2010,1,0.0,"IMD GRID MODEL"
"Tamil Nadu","Thiruvarur","2010-01-27",2010,1,0.0,"IMD GRID MODEL"
"Tamil Nadu","Thiruvarur","2010-01-27",2010,1,0.0,"IMD GRID MODEL"
"Tamil Nadu","Thiruvarur","2010-01-27",2010,1,0.0,"IMD GRID MODEL"
"Tamil Nadu","Thiruvarur","2010-01-27",2010,1,0.0,"IMD GRID MODEL"
"Tamil Nadu","Thiruvarur","2010-01-27",2010,1,0.0,"IMD GRID MODEL"
"Tamil Nadu","Thiruvarur","2010-01-28",2010,1,0.0,"IMD GRID MODEL"
"Tamil Nadu","Thiruvarur","2010-01-28",2010,1,0.0,"IMD GRID MODEL"
"Tamil Nadu","Thiruvarur","2010-01-28",2010,1,0.0,"IMD GRID MODEL"
"Tamil Nadu","Thiruvarur","2010-01-28",2010,1,0.0,"IMD GRID MODEL"
"Tamil Nadu","Thiruvarur","2010-01-28",2010,1,0.0,"IMD GRID MODEL"
"Tamil Nadu","Thiruvarur","2010-01-28",2010,1,0.0,"IMD GRID MODEL"
"Tamil Nadu","Thiruvarur","2010-01-28",2010,1,0.0,"IMD GRID MODEL"
"Tamil Nadu","Thiruvarur","2010-01-28",2010,1,0.0,"IMD GRID MODEL"
"Tamil Nadu","Thiruvarur","2010-01-28",2010,1,0.0,"IMD GRID MODEL"
"Tamil Nadu","Thiruvarur","2010-01-28",2010,1,0.0,"IMD GRID MODEL"
"Tamil Nadu","Thiruvarur","2010-01-29",2010,1,0.0,"IMD GRID MODEL"
"Tamil Nadu","Thiruvarur","2010-01-29",2010,1,0.0,"IMD GRID MODEL"
"Tamil Nadu","Thiruvarur","2010-01-29",2010,1,0.0,"IMD GRID MODEL"
"Tamil Nadu","Thiruvarur","2010-01-29",2010,1,0.0,"IMD GRID MODEL"
"Tamil Nadu","Thiruvarur","2010-01-29",2010,1,0.0,"IMD GRID MODEL"
"Tamil Nadu","Thiruvarur","2010-01-29",2010,1,0.0,"IMD GRID MODEL"
"Tamil Nadu","Thiruvarur","2010-01-29",2010,1,0.0,"IMD GRID MODEL"
"Tamil Nadu","Thiruvarur","2010-01-29",2010,1,0.0,"IMD GRID MODEL"
"Tamil Nadu","Thiruvarur","2010-01-29",2010,1,0.0,"IMD GRID MODEL"
"Tamil Nadu","Thiruvarur","2010-01-29",2010,1,0.0,"IMD GRID MODEL"
"Tamil Nadu","Thiruvarur","2010-01-29",2010,1,0.0,"IMD GRID MODEL"
"Tamil Nadu","Thiruvarur","2010-01-30",2010,1,0.0,"IMD GRID MODEL"
"Tamil Nadu","Thiruvarur","2010-01-30",2010,1,0.0,"IMD GRID MODEL"
"Tamil Nadu","Thiruvarur","2010-01-30",2010,1,0.0,"IMD GRID MODEL"
"Tamil Nadu","Thiruvarur","2010-01-30",2010,1,0.0,"IMD GRID MODEL"
"Tamil Nadu","Thiruvarur","2010-01-30",2010,1,0.0,"IMD GRID MODEL"
"Tamil Nadu","Thiruvarur","2010-01-30",2010,1,0.0,"IMD GRID MODEL"
"Tamil Nadu","Thiruvarur","2010-01-30",2010,1,0.0,"IMD GRID MODEL"
"Tamil Nadu","Thiruvarur","2010-01-30",2010,1,0.0,"IMD GRID MODEL"
"Tamil Nadu","Thiruvarur","2010-01-30",2010,1,0.0,"IMD GRID MODEL"
"Tamil Nadu","Thiruvarur","2010-01-30",2010,1,0.0,"IMD GRID MODEL"
"Tamil Nadu","Thiruvarur","2010-01-30",2010,1,0.0,"IMD GRID MODEL"
"Tamil Nadu","Thiruvarur","2010-01-31",2010,1,0.0,"IMD GRID MODEL"
"Tamil Nadu","Thiruvarur","2010-01-31",2010,1,0.0,"IMD GRID MODEL"
"Tamil Nadu","Thiruvarur","2010-01-31",2010,1,0.0,"IMD GRID MODEL"
"Tamil Nadu","Thiruvarur","2010-01-31",2010,1,0.0,"IMD GRID MODEL"
"Tamil Nadu","Thiruvarur","2010-01-31",2010,1,0.0,"IMD GRID MODEL"
"Tamil Nadu","Thiruvarur","2010-01-31",2010,1,0.0,"IMD GRID MODEL"
"Tamil Nadu","Thiruvarur","2010-01-31",2010,1,0.0,"IMD GRID MODEL"
"Tamil Nadu","Thiruvarur","2010-01-31",2010,1,0.0,"IMD GRID MODEL"
"Tamil Nadu","Thiruvarur","2010-01-31",2010,1,0.0,"IMD GRID MODEL"
"Tamil Nadu","Thiruvarur","2010-01-31",2010,1,0.0,"IMD GRID MODEL"
"Tamil Nadu","Thiruvarur","2010-01-18",2010,1,0.0,"IMD GRID MODEL"
"Tamil Nadu","Thiruvarur","2010-01-10",2010,1,0.0,"IMD GRID MODEL"
"Tamil Nadu","Thiruvarur","2010-01-10",2010,1,0.0,"IMD GRID MODEL"
"Tamil Nadu","Thiruvarur","2010-01-11",2010,1,0.0,"IMD GRID MODEL"
"Tamil Nadu","Thiruvarur","2010-01-11",2010,1,0.0,"IMD GRID MODEL"
"Tamil Nadu","Thiruvarur","2010-01-11",2010,1,0.0,"IMD GRID MODEL"
"Tamil Nadu","Thiruvarur","2010-01-14",2010,1,0.0,"IMD GRID MODEL"
"Tamil Nadu","Thiruvarur","2010-01-14",2010,1,0.0,"IMD GRID MODEL"
"Tamil Nadu","Thiruvarur","2010-01-04",2010,1,0.0,"IMD GRID MODEL"
"Tamil Nadu","Thiruvarur","2010-01-04",2010,1,0.0,"IMD GRID MODEL"
"Tamil Nadu","Thiruvarur","2010-01-04",2010,1,0.0,"IMD GRID MODEL"
"Tamil Nadu","Thiruvarur","2010-01-05",2010,1,0.0,"IMD GRID MODEL"
"Tamil Nadu","Thiruvarur","2010-01-08",2010,1,0.0,"IMD GRID MODEL"
"Tamil Nadu","Thiruvarur","2010-01-08",2010,1,0.0,"IMD GRID MODEL"
"Tamil Nadu","Thiruvarur","2010-01-08",2010,1,0.0,"IMD GRID MODEL"
"Tamil Nadu","Thiruvarur","2010-01-18",2010,1,0.0,"IMD GRID MODEL"
"Tamil Nadu","Thiruvarur","2010-01-19",2010,1,0.0,"IMD GRID MODEL"
"Tamil Nadu","Thiruvarur","2010-01-20",2010,1,0.0,"IMD GRID MODEL"
"Tamil Nadu","Thiruvarur","2010-01-22",2010,1,0.0,"IMD GRID MODEL"
"Tamil Nadu","Thiruvarur","2010-01-22",2010,1,0.0,"IMD GRID MODEL"
"Tamil Nadu","Thiruvarur","2010-01-27",2010,1,0.0,"IMD GRID MODEL"
"Tamil Nadu","Thiruvarur","2010-01-27",2010,1,0.0,"IMD GRID MODEL"
"Tamil Nadu","Thiruvarur","2010-01-27",2010,1,0.0,"IMD GRID MODEL"
"Tamil Nadu","Thiruvarur","2010-01-27",2010,1,0.0,"IMD GRID MODEL"
"Tamil Nadu","Thiruvarur","2010-01-28",2010,1,0.0,"IMD GRID MODEL"
"Tamil Nadu","Thiruvarur","2010-01-31",2010,1,0.0,"IMD GRID MODEL"
"Tamil Nadu","Thiruvarur","2010-07-01",2010,7,0.0,"IMD GRID MODEL"
"Tamil Nadu","Thiruvarur","2010-07-02",2010,7,0.0,"IMD GRID MODEL"
"Tamil Nadu","Thiruvarur","2010-07-03",2010,7,0.0,"IMD GRID MODEL"
"Tamil Nadu","Thiruvarur","2010-07-04",2010,7,0.0,"IMD GRID MODEL"
"Tamil Nadu","Thiruvarur","2010-07-05",2010,7,0.0,"IMD GRID MODEL"
"Tamil Nadu","Thiruvarur","2010-07-06",2010,7,0.0,"IMD GRID MODEL"
"Tamil Nadu","Thiruvarur","2010-07-07",2010,7,0.0,"IMD GRID MODEL"
"Tamil Nadu","Thiruvarur","2010-07-09",2010,7,0.0,"IMD GRID MODEL"
"Tamil Nadu","Thiruvarur","2010-07-08",2010,7,0.0,"IMD GRID MODEL"
"Tamil Nadu","Thiruvarur","2010-07-10",2010,7,0.0,"IMD GRID MODEL"
"Tamil Nadu","Thiruvarur","2010-07-11",2010,7,0.0,"IMD GRID MODEL"
"Tamil Nadu","Thiruvarur","2010-07-13",2010,7,0.0,"IMD GRID MODEL"
"Tamil Nadu","Thiruvarur","2010-07-14",2010,7,0.0,"IMD GRID MODEL"
"Tamil Nadu","Thiruvarur","2010-07-15",2010,7,0.0,"IMD GRID MODEL"
"Tamil Nadu","Thiruvarur","2010-07-17",2010,7,0.0,"IMD GRID MODEL"
"Tamil Nadu","Thiruvarur","2010-07-16",2010,7,0.0,"IMD GRID MODEL"
"Tamil Nadu","Thiruvarur","2010-07-18",2010,7,0.0,"IMD GRID MODEL"
"Tamil Nadu","Thiruvarur","2010-07-19",2010,7,0.0,"IMD GRID MODEL"
"Tamil Nadu","Thiruvarur","2010-07-20",2010,7,0.0,"IMD GRID MODEL"
"Tamil Nadu","Thiruvarur","2010-07-21",2010,7,0.0,"IMD GRID MODEL"
"Tamil Nadu","Thiruvarur","2010-07-22",2010,7,0.0,"IMD GRID MODEL"
"Tamil Nadu","Thiruvarur","2010-07-23",2010,7,0.0,"IMD GRID MODEL"
"Tamil Nadu","Thiruvarur","2010-07-24",2010,7,0.0,"IMD GRID MODEL"
"Tamil Nadu","Thiruvarur","2010-07-25",2010,7,0.0,"IMD GRID MODEL"
"Tamil Nadu","Thiruvarur","2010-07-26",2010,7,0.0,"IMD GRID MODEL"
"Tamil Nadu","Thiruvarur","2010-07-27",2010,7,0.0,"IMD GRID MODEL"
"Tamil Nadu","Thiruvarur","2010-07-28",2010,7,0.0,"IMD GRID MODEL"
"Tamil Nadu","Thiruvarur","2010-07-29",2010,7,0.0,"IMD GRID MODEL"
"Tamil Nadu","Thiruvarur","2010-07-31",2010,7,0.0,"IMD GRID MODEL"
"Tamil Nadu","Thiruvarur","2010-07-30",2010,7,0.0,"IMD GRID MODEL"
"Tamil Nadu","Thiruvarur","2010-07-12",2010,7,0.0,"IMD GRID MODEL"
"Tamil Nadu","Thiruvarur","2010-06-02",2010,6,0.0,"IMD GRID MODEL"
"Tamil Nadu","Thiruvarur","2010-06-03",2010,6,0.0,"IMD GRID MODEL"
"Tamil Nadu","Thiruvarur","2010-06-04",2010,6,0.0,"IMD GRID MODEL"
"Tamil Nadu","Thiruvarur","2010-06-05",2010,6,0.0,"IMD GRID MODEL"
"Tamil Nadu","Thiruvarur","2010-06-06",2010,6,0.0,"IMD GRID MODEL"
"Tamil Nadu","Thiruvarur","2010-06-07",2010,6,0.0,"IMD GRID MODEL"
"Tamil Nadu","Thiruvarur","2010-06-08",2010,6,0.0,"IMD GRID MODEL"
"Tamil Nadu","Thiruvarur","2010-06-09",2010,6,0.0,"IMD GRID MODEL"
"Tamil Nadu","Thiruvarur","2010-06-10",2010,6,0.0,"IMD GRID MODEL"
"Tamil Nadu","Thiruvarur","2010-06-11",2010,6,0.0,"IMD GRID MODEL"
"Tamil Nadu","Thiruvarur","2010-06-12",2010,6,0.0,"IMD GRID MODEL"
"Tamil Nadu","Thiruvarur","2010-06-13",2010,6,0.0,"IMD GRID MODEL"
"Tamil Nadu","Thiruvarur","2010-06-14",2010,6,0.0,"IMD GRID MODEL"
"Tamil Nadu","Thiruvarur","2010-06-15",2010,6,0.0,"IMD GRID MODEL"
"Tamil Nadu","Thiruvarur","2010-06-16",2010,6,0.0,"IMD GRID MODEL"
"Tamil Nadu","Thiruvarur","2010-06-17",2010,6,0.0,"IMD GRID MODEL"
"Tamil Nadu","Thiruvarur","2010-06-18",2010,6,0.0,"IMD GRID MODEL"
"Tamil Nadu","Thiruvarur","2010-06-19",2010,6,0.0,"IMD GRID MODEL"
"Tamil Nadu","Thiruvarur","2010-06-20",2010,6,0.0,"IMD GRID MODEL"
"Tamil Nadu","Thiruvarur","2010-06-01",2010,6,0.0,"IMD GRID MODEL"
"Tamil Nadu","Thiruvarur","2010-06-21",2010,6,0.0,"IMD GRID MODEL"
"Tamil Nadu","Thiruvarur","2010-06-22",2010,6,0.0,"IMD GRID MODEL"
"Tamil Nadu","Thiruvarur","2010-06-23",2010,6,0.0,"IMD GRID MODEL"
"Tamil Nadu","Thiruvarur","2010-06-25",2010,6,0.0,"IMD GRID MODEL"
"Tamil Nadu","Thiruvarur","2010-06-26",2010,6,0.0,"IMD GRID MODEL"
"Tamil Nadu","Thiruvarur","2010-06-28",2010,6,0.0,"IMD GRID MODEL"
"Tamil Nadu","Thiruvarur","2010-06-27",2010,6,0.0,"IMD GRID MODEL"
"Tamil Nadu","Thiruvarur","2010-06-29",2010,6,0.0,"IMD GRID MODEL"
"Tamil Nadu","Thiruvarur","2010-06-30",2010,6,0.0,"IMD GRID MODEL"
"Tamil Nadu","Thiruvarur","2010-06-24",2010,6,0.0,"IMD GRID MODEL"
"Tamil Nadu","Thiruvarur","2010-03-01",2010,3,0.0,"IMD GRID MODEL"
"Tamil Nadu","Thiruvarur","2010-03-01",2010,3,0.0,"IMD GRID MODEL"
"Tamil Nadu","Thiruvarur","2010-03-01",2010,3,0.0,"IMD GRID MODEL"
"Tamil Nadu","Thiruvarur","2010-03-01",2010,3,0.0,"IMD GRID MODEL"
"Tamil Nadu","Thiruvarur","2010-03-01",2010,3,0.0,"IMD GRID MODEL"
"Tamil Nadu","Thiruvarur","2010-03-01",2010,3,0.0,"IMD GRID MODEL"
"Tamil Nadu","Thiruvarur","2010-03-01",2010,3,0.0,"IMD GRID MODEL"
"Tamil Nadu","Thiruvarur","2010-03-01",2010,3,0.0,"IMD GRID MODEL"
"Tamil Nadu","Thiruvarur","2010-03-01",2010,3,0.0,"IMD GRID MODEL"
"Tamil Nadu","Thiruvarur","2010-03-01",2010,3,0.0,"IMD GRID MODEL"
"Tamil Nadu","Thiruvarur","2010-03-01",2010,3,0.0,"IMD GRID MODEL"
"Tamil Nadu","Thiruvarur","2010-03-02",2010,3,0.0,"IMD GRID MODEL"
"Tamil Nadu","Thiruvarur","2010-03-02",2010,3,0.0,"IMD GRID MODEL"
"Tamil Nadu","Thiruvarur","2010-03-02",2010,3,0.0,"IMD GRID MODEL"
"Tamil Nadu","Thiruvarur","2010-03-02",2010,3,0.0,"IMD GRID MODEL"
"Tamil Nadu","Thiruvarur","2010-03-02",2010,3,0.0,"IMD GRID MODEL"
"Tamil Nadu","Thiruvarur","2010-03-02",2010,3,0.0,"IMD GRID MODEL"
"Tamil Nadu","Thiruvarur","2010-03-02",2010,3,0.0,"IMD GRID MODEL"
"Tamil Nadu","Thiruvarur","2010-03-02",2010,3,0.0,"IMD GRID MODEL"
"Tamil Nadu","Thiruvarur","2010-03-02",2010,3,0.0,"IMD GRID MODEL"
"Tamil Nadu","Thiruvarur","2010-03-02",2010,3,0.0,"IMD GRID MODEL"
"Tamil Nadu","Thiruvarur","2010-03-02",2010,3,0.0,"IMD GRID MODEL"
"Tamil Nadu","Thiruvarur","2010-03-03",2010,3,0.0,"IMD GRID MODEL"
"Tamil Nadu","Thiruvarur","2010-03-03",2010,3,0.0,"IMD GRID MODEL"
"Tamil Nadu","Thiruvarur","2010-03-03",2010,3,0.0,"IMD GRID MODEL"
"Tamil Nadu","Thiruvarur","2010-03-03",2010,3,0.0,"IMD GRID MODEL"
"Tamil Nadu","Thiruvarur","2010-03-03",2010,3,0.0,"IMD GRID MODEL"
"Tamil Nadu","Thiruvarur","2010-03-03",2010,3,0.0,"IMD GRID MODEL"
"Tamil Nadu","Thiruvarur","2010-03-03",2010,3,0.0,"IMD GRID MODEL"
"Tamil Nadu","Thiruvarur","2010-03-03",2010,3,0.0,"IMD GRID MODEL"
"Tamil Nadu","Thiruvarur","2010-03-03",2010,3,0.0,"IMD GRID MODEL"
"Tamil Nadu","Thiruvarur","2010-03-03",2010,3,0.0,"IMD GRID MODEL"
"Tamil Nadu","Thiruvarur","2010-03-03",2010,3,0.0,"IMD GRID MODEL"
"Tamil Nadu","Thiruvarur","2010-03-04",2010,3,0.0,"IMD GRID MODEL"
"Tamil Nadu","Thiruvarur","2010-03-04",2010,3,0.0,"IMD GRID MODEL"
"Tamil Nadu","Thiruvarur","2010-03-04",2010,3,0.0,"IMD GRID MODEL"
"Tamil Nadu","Thiruvarur","2010-03-04",2010,3,0.0,"IMD GRID MODEL"
"Tamil Nadu","Thiruvarur","2010-03-04",2010,3,0.0,"IMD GRID MODEL"
"Tamil Nadu","Thiruvarur","2010-03-04",2010,3,0.0,"IMD GRID MODEL"
"Tamil Nadu","Thiruvarur","2010-03-04",2010,3,0.0,"IMD GRID MODEL"
"Tamil Nadu","Thiruvarur","2010-03-04",2010,3,0.0,"IMD GRID MODEL"
"Tamil Nadu","Thiruvarur","2010-03-04",2010,3,0.0,"IMD GRID MODEL"
"Tamil Nadu","Thiruvarur","2010-03-04",2010,3,0.0,"IMD GRID MODEL"
"Tamil Nadu","Thiruvarur","2010-03-04",2010,3,0.0,"IMD GRID MODEL"
"Tamil Nadu","Thiruvarur","2010-03-05",2010,3,0.0,"IMD GRID MODEL"
"Tamil Nadu","Thiruvarur","2010-03-05",2010,3,0.0,"IMD GRID MODEL"
"Tamil Nadu","Thiruvarur","2010-03-05",2010,3,0.0,"IMD GRID MODEL"
"Tamil Nadu","Thiruvarur","2010-03-05",2010,3,0.0,"IMD GRID MODEL"
"Tamil Nadu","Thiruvarur","2010-03-05",2010,3,0.0,"IMD GRID MODEL"
"Tamil Nadu","Thiruvarur","2010-03-05",2010,3,0.0,"IMD GRID MODEL"
"Tamil Nadu","Thiruvarur","2010-03-05",2010,3,0.0,"IMD GRID MODEL"
"Tamil Nadu","Thiruvarur","2010-03-05",2010,3,0.0,"IMD GRID MODEL"
"Tamil Nadu","Thiruvarur","2010-03-05",2010,3,0.0,"IMD GRID MODEL"
"Tamil Nadu","Thiruvarur","2010-03-05",2010,3,0.0,"IMD GRID MODEL"
"Tamil Nadu","Thiruvarur","2010-03-05",2010,3,0.0,"IMD GRID MODEL"
"Tamil Nadu","Thiruvarur","2010-03-06",2010,3,0.0,"IMD GRID MODEL"
"Tamil Nadu","Thiruvarur","2010-03-06",2010,3,0.0,"IMD GRID MODEL"
"Tamil Nadu","Thiruvarur","2010-03-06",2010,3,0.0,"IMD GRID MODEL"
"Tamil Nadu","Thiruvarur","2010-03-06",2010,3,0.0,"IMD GRID MODEL"
"Tamil Nadu","Thiruvarur","2010-03-06",2010,3,0.0,"IMD GRID MODEL"
"Tamil Nadu","Thiruvarur","2010-03-06",2010,3,0.0,"IMD GRID MODEL"
"Tamil Nadu","Thiruvarur","2010-03-06",2010,3,0.0,"IMD GRID MODEL"
"Tamil Nadu","Thiruvarur","2010-03-06",2010,3,0.0,"IMD GRID MODEL"
"Tamil Nadu","Thiruvarur","2010-03-06",2010,3,0.0,"IMD GRID MODEL"
"Tamil Nadu","Thiruvarur","2010-03-06",2010,3,0.0,"IMD GRID MODEL"
"Tamil Nadu","Thiruvarur","2010-03-06",2010,3,0.0,"IMD GRID MODEL"
"Tamil Nadu","Thiruvarur","2010-03-08",2010,3,0.0,"IMD GRID MODEL"
"Tamil Nadu","Thiruvarur","2010-03-09",2010,3,0.0,"IMD GRID MODEL"
"Tamil Nadu","Thiruvarur","2010-03-10",2010,3,0.0,"IMD GRID MODEL"
"Tamil Nadu","Thiruvarur","2010-03-11",2010,3,0.0,"IMD GRID MODEL"
"Tamil Nadu","Thiruvarur","2010-03-12",2010,3,0.0,"IMD GRID MODEL"
"Tamil Nadu","Thiruvarur","2010-03-13",2010,3,0.0,"IMD GRID MODEL"
"Tamil Nadu","Thiruvarur","2010-03-14",2010,3,0.0,"IMD GRID MODEL"
"Tamil Nadu","Thiruvarur","2010-03-15",2010,3,0.0,"IMD GRID MODEL"
"Tamil Nadu","Thiruvarur","2010-03-07",2010,3,0.0,"IMD GRID MODEL"
"Tamil Nadu","Thiruvarur","2010-03-16",2010,3,0.0,"IMD GRID MODEL"
"Tamil Nadu","Thiruvarur","2010-03-17",2010,3,0.0,"IMD GRID MODEL"
"Tamil Nadu","Thiruvarur","2010-03-19",2010,3,0.0,"IMD GRID MODEL"
"Tamil Nadu","Thiruvarur","2010-03-20",2010,3,0.0,"IMD GRID MODEL"
"Tamil Nadu","Thiruvarur","2010-03-21",2010,3,0.0,"IMD GRID MODEL"
"Tamil Nadu","Thiruvarur","2010-03-22",2010,3,0.0,"IMD GRID MODEL"
"Tamil Nadu","Thiruvarur","2010-03-23",2010,3,0.0,"IMD GRID MODEL"
"Tamil Nadu","Thiruvarur","2010-03-24",2010,3,0.0,"IMD GRID MODEL"
"Tamil Nadu","Thiruvarur","2010-03-25",2010,3,0.0,"IMD GRID MODEL"
"Tamil Nadu","Thiruvarur","2010-03-26",2010,3,0.0,"IMD GRID MODEL"
"Tamil Nadu","Thiruvarur","2010-03-27",2010,3,0.0,"IMD GRID MODEL"
"Tamil Nadu","Thiruvarur","2010-03-28",2010,3,0.0,"IMD GRID MODEL"
"Tamil Nadu","Thiruvarur","2010-03-29",2010,3,0.0,"IMD GRID MODEL"
"Tamil Nadu","Thiruvarur","2010-03-30",2010,3,0.0,"IMD GRID MODEL"
"Tamil Nadu","Thiruvarur","2010-03-31",2010,3,0.0,"IMD GRID MODEL"
"Tamil Nadu","Thiruvarur","2010-03-18",2010,3,0.0,"IMD GRID MODEL"
"Tamil Nadu","Thiruvarur","2010-05-01",2010,5,0.0,"IMD GRID MODEL"
"Tamil Nadu","Thiruvarur","2010-05-02",2010,5,0.0,"IMD GRID MODEL"
"Tamil Nadu","Thiruvarur","2010-05-04",2010,5,0.0,"IMD GRID MODEL"
"Tamil Nadu","Thiruvarur","2010-05-05",2010,5,0.0,"IMD GRID MODEL"
"Tamil Nadu","Thiruvarur","2010-05-06",2010,5,0.0,"IMD GRID MODEL"
"Tamil Nadu","Thiruvarur","2010-05-07",2010,5,0.0,"IMD GRID MODEL"
"Tamil Nadu","Thiruvarur","2010-05-08",2010,5,0.0,"IMD GRID MODEL"
"Tamil Nadu","Thiruvarur","2010-05-09",2010,5,0.0,"IMD GRID MODEL"
"Tamil Nadu","Thiruvarur","2010-05-10",2010,5,0.0,"IMD GRID MODEL"
"Tamil Nadu","Thiruvarur","2010-05-11",2010,5,0.0,"IMD GRID MODEL"
"Tamil Nadu","Thiruvarur","2010-05-12",2010,5,0.0,"IMD GRID MODEL"
"Tamil Nadu","Thiruvarur","2010-05-13",2010,5,0.0,"IMD GRID MODEL"
"Tamil Nadu","Thiruvarur","2010-05-14",2010,5,0.0,"IMD GRID MODEL"
"Tamil Nadu","Thiruvarur","2010-05-15",2010,5,0.0,"IMD GRID MODEL"
"Tamil Nadu","Thiruvarur","2010-05-16",2010,5,0.0,"IMD GRID MODEL"
"Tamil Nadu","Thiruvarur","2010-05-17",2010,5,0.0,"IMD GRID MODEL"
"Tamil Nadu","Thiruvarur","2010-05-18",2010,5,0.0,"IMD GRID MODEL"
"Tamil Nadu","Thiruvarur","2010-05-19",2010,5,0.0,"IMD GRID MODEL"
"Tamil Nadu","Thiruvarur","2010-05-20",2010,5,0.0,"IMD GRID MODEL"
"Tamil Nadu","Thiruvarur","2010-05-21",2010,5,0.0,"IMD GRID MODEL"
"Tamil Nadu","Thiruvarur","2010-05-22",2010,5,0.0,"IMD GRID MODEL"
"Tamil Nadu","Thiruvarur","2010-05-23",2010,5,0.0,"IMD GRID MODEL"
"Tamil Nadu","Thiruvarur","2010-05-24",2010,5,0.0,"IMD GRID MODEL"
"Tamil Nadu","Thiruvarur","2010-05-25",2010,5,0.0,"IMD GRID MODEL"
"Tamil Nadu","Thiruvarur","2010-05-26",2010,5,0.0,"IMD GRID MODEL"
"Tamil Nadu","Thiruvarur","2010-05-27",2010,5,0.0,"IMD GRID MODEL"
"Tamil Nadu","Thiruvarur","2010-05-28",2010,5,0.0,"IMD GRID MODEL"
"Tamil Nadu","Thiruvarur","2010-05-29",2010,5,0.0,"IMD GRID MODEL"
"Tamil Nadu","Thiruvarur","2010-05-30",2010,5,0.0,"IMD GRID MODEL"
"Tamil Nadu","Thiruvarur","2010-05-31",2010,5,0.0,"IMD GRID MODEL"
"Tamil Nadu","Thiruvarur","2010-05-03",2010,5,0.0,"IMD GRID MODEL"
"Tamil Nadu","Thiruvarur","2010-11-01",2010,11,0.0,"IMD GRID MODEL"
"Tamil Nadu","Thiruvarur","2010-11-02",2010,11,0.0,"IMD GRID MODEL"
"Tamil Nadu","Thiruvarur","2010-11-03",2010,11,0.0,"IMD GRID MODEL"
"Tamil Nadu","Thiruvarur","2010-11-04",2010,11,0.0,"IMD GRID MODEL"
"Tamil Nadu","Thiruvarur","2010-11-06",2010,11,0.0,"IMD GRID MODEL"
"Tamil Nadu","Thiruvarur","2010-11-05",2010,11,0.0,"IMD GRID MODEL"
"Tamil Nadu","Thiruvarur","2010-11-07",2010,11,0.0,"IMD GRID MODEL"
"Tamil Nadu","Thiruvarur","2010-11-08",2010,11,0.0,"IMD GRID MODEL"
"Tamil Nadu","Thiruvarur","2010-11-09",2010,11,0.0,"IMD GRID MODEL"
"Tamil Nadu","Thiruvarur","2010-11-10",2010,11,0.0,"IMD GRID MODEL"
"Tamil Nadu","Thiruvarur","2010-11-11",2010,11,0.0,"IMD GRID MODEL"
"Tamil Nadu","Thiruvarur","2010-11-13",2010,11,0.0,"IMD GRID MODEL"
"Tamil Nadu","Thiruvarur","2010-11-12",2010,11,0.0,"IMD GRID MODEL"
"Tamil Nadu","Thiruvarur","2010-11-15",2010,11,0.0,"IMD GRID MODEL"
"Tamil Nadu","Thiruvarur","2010-11-14",2010,11,0.0,"IMD GRID MODEL"
"Tamil Nadu","Thiruvarur","2010-11-17",2010,11,0.0,"IMD GRID MODEL"
"Tamil Nadu","Thiruvarur","2010-11-18",2010,11,0.0,"IMD GRID MODEL"
"Tamil Nadu","Thiruvarur","2010-11-19",2010,11,0.0,"IMD GRID MODEL"
"Tamil Nadu","Thiruvarur","2010-11-20",2010,11,0.0,"IMD GRID MODEL"
"Tamil Nadu","Thiruvarur","2010-11-21",2010,11,0.0,"IMD GRID MODEL"
"Tamil Nadu","Thiruvarur","2010-11-22",2010,11,0.0,"IMD GRID MODEL"
"Tamil Nadu","Thiruvarur","2010-11-23",2010,11,0.0,"IMD GRID MODEL"
"Tamil Nadu","Thiruvarur","2010-11-24",2010,11,0.0,"IMD GRID MODEL"
"Tamil Nadu","Thiruvarur","2010-11-25",2010,11,0.0,"IMD GRID MODEL"
"Tamil Nadu","Thiruvarur","2010-11-26",2010,11,0.0,"IMD GRID MODEL"
"Tamil Nadu","Thiruvarur","2010-11-27",2010,11,0.0,"IMD GRID MODEL"
"Tamil Nadu","Thiruvarur","2010-11-28",2010,11,0.0,"IMD GRID MODEL"
"Tamil Nadu","Thiruvarur","2010-11-29",2010,11,0.0,"IMD GRID MODEL"
"Tamil Nadu","Thiruvarur","2010-11-30",2010,11,0.0,"IMD GRID MODEL"
"Tamil Nadu","Thiruvarur","2010-11-16",2010,11,0.0,"IMD GRID MODEL"
"Tamil Nadu","Thiruvarur","2010-10-03",2010,10,0.0,"IMD GRID MODEL"
"Tamil Nadu","Thiruvarur","2010-10-01",2010,10,0.0,"IMD GRID MODEL"
"Tamil Nadu","Thiruvarur","2010-10-04",2010,10,0.0,"IMD GRID MODEL"
"Tamil Nadu","Thiruvarur","2010-10-05",2010,10,0.0,"IMD GRID MODEL"
"Tamil Nadu","Thiruvarur","2010-10-06",2010,10,0.0,"IMD GRID MODEL"
"Tamil Nadu","Thiruvarur","2010-10-07",2010,10,0.0,"IMD GRID MODEL"
"Tamil Nadu","Thiruvarur","2010-10-08",2010,10,0.0,"IMD GRID MODEL"
"Tamil Nadu","Thiruvarur","2010-10-09",2010,10,0.0,"IMD GRID MODEL"
"Tamil Nadu","Thiruvarur","2010-10-10",2010,10,0.0,"IMD GRID MODEL"
"Tamil Nadu","Thiruvarur","2010-10-11",2010,10,0.0,"IMD GRID MODEL"
"Tamil Nadu","Thiruvarur","2010-10-12",2010,10,0.0,"IMD GRID MODEL"
"Tamil Nadu","Thiruvarur","2010-10-13",2010,10,0.0,"IMD GRID MODEL"
"Tamil Nadu","Thiruvarur","2010-10-14",2010,10,0.0,"IMD GRID MODEL"
"Tamil Nadu","Thiruvarur","2010-10-15",2010,10,0.0,"IMD GRID MODEL"
"Tamil Nadu","Thiruvarur","2010-10-16",2010,10,0.0,"IMD GRID MODEL"
"Tamil Nadu","Thiruvarur","2010-10-17",2010,10,0.0,"IMD GRID MODEL"
"Tamil Nadu","Thiruvarur","2010-10-18",2010,10,0.0,"IMD GRID MODEL"
"Tamil Nadu","Thiruvarur","2010-10-19",2010,10,0.0,"IMD GRID MODEL"
"Tamil Nadu","Thiruvarur","2010-10-20",2010,10,0.0,"IMD GRID MODEL"
"Tamil Nadu","Thiruvarur","2010-10-21",2010,10,0.0,"IMD GRID MODEL"
"Tamil Nadu","Thiruvarur","2010-10-22",2010,10,0.0,"IMD GRID MODEL"
"Tamil Nadu","Thiruvarur","2010-10-23",2010,10,0.0,"IMD GRID MODEL"
"Tamil Nadu","Thiruvarur","2010-10-24",2010,10,0.0,"IMD GRID MODEL"
"Tamil Nadu","Thiruvarur","2010-10-25",2010,10,0.0,"IMD GRID MODEL"
"Tamil Nadu","Thiruvarur","2010-10-26",2010,10,0.0,"IMD GRID MODEL"
"Tamil Nadu","Thiruvarur","2010-10-27",2010,10,0.0,"IMD GRID MODEL"
"Tamil Nadu","Thiruvarur","2010-10-28",2010,10,0.0,"IMD GRID MODEL"
"Tamil Nadu","Thiruvarur","2010-10-29",2010,10,0.0,"IMD GRID MODEL"
"Tamil Nadu","Thiruvarur","2010-10-30",2010,10,0.0,"IMD GRID MODEL"
"Tamil Nadu","Thiruvarur","2010-10-31",2010,10,0.0,"IMD GRID MODEL"
"Tamil Nadu","Thiruvarur","2010-10-02",2010,10,0.0,"IMD GRID MODEL"
"Tamil Nadu","Thiruvarur","2010-09-03",2010,9,0.0,"IMD GRID MODEL"
"Tamil Nadu","Thiruvarur","2010-09-01",2010,9,0.0,"IMD GRID MODEL"
"Tamil Nadu","Thiruvarur","2010-09-04",2010,9,0.0,"IMD GRID MODEL"
"Tamil Nadu","Thiruvarur","2010-09-05",2010,9,0.0,"IMD GRID MODEL"
"Tamil Nadu","Thiruvarur","2010-09-06",2010,9,0.0,"IMD GRID MODEL"
"Tamil Nadu","Thiruvarur","2010-09-07",2010,9,0.0,"IMD GRID MODEL"
"Tamil Nadu","Thiruvarur","2010-09-08",2010,9,0.0,"IMD GRID MODEL"
"Tamil Nadu","Thiruvarur","2010-09-09",2010,9,0.0,"IMD GRID MODEL"
"Tamil Nadu","Thiruvarur","2010-09-10",2010,9,0.0,"IMD GRID MODEL"
"Tamil Nadu","Thiruvarur","2010-09-11",2010,9,0.0,"IMD GRID MODEL"
"Tamil Nadu","Thiruvarur","2010-09-12",2010,9,0.0,"IMD GRID MODEL"
"Tamil Nadu","Thiruvarur","2010-09-13",2010,9,0.0,"IMD GRID MODEL"
"Tamil Nadu","Thiruvarur","2010-09-14",2010,9,0.0,"IMD GRID MODEL"
"Tamil Nadu","Thiruvarur","2010-09-15",2010,9,0.0,"IMD GRID MODEL"
"Tamil Nadu","Thiruvarur","2010-09-16",2010,9,0.0,"IMD GRID MODEL"
"Tamil Nadu","Thiruvarur","2010-09-17",2010,9,0.0,"IMD GRID MODEL"
"Tamil Nadu","Thiruvarur","2010-09-18",2010,9,0.0,"IMD GRID MODEL"
"Tamil Nadu","Thiruvarur","2010-09-19",2010,9,0.0,"IMD GRID MODEL"
"Tamil Nadu","Thiruvarur","2010-09-20",2010,9,0.0,"IMD GRID MODEL"
"Tamil Nadu","Thiruvarur","2010-09-21",2010,9,0.0,"IMD GRID MODEL"
"Tamil Nadu","Thiruvarur","2010-09-22",2010,9,0.0,"IMD GRID MODEL"
"Tamil Nadu","Thiruvarur","2010-09-23",2010,9,0.0,"IMD GRID MODEL"
"Tamil Nadu","Thiruvarur","2010-09-24",2010,9,0.0,"IMD GRID MODEL"
"Tamil Nadu","Thiruvarur","2010-09-25",2010,9,0.0,"IMD GRID MODEL"
"Tamil Nadu","Thiruvarur","2010-09-26",2010,9,0.0,"IMD GRID MODEL"
"Tamil Nadu","Thiruvarur","2010-09-27",2010,9,0.0,"IMD GRID MODEL"
"Tamil Nadu","Thiruvarur","2010-09-28",2010,9,0.0,"IMD GRID MODEL"
"Tamil Nadu","Thiruvarur","2010-09-29",2010,9,0.0,"IMD GRID MODEL"
"Tamil Nadu","Thiruvarur","2010-09-30",2010,9,0.0,"IMD GRID MODEL"
"Tamil Nadu","Thiruvarur","2010-09-02",2010,9,0.0,"IMD GRID MODEL"
"Tamil Nadu","Thiruvarur","2011-04-01",2011,4,0.0,"IMD GRID MODEL"
"Tamil Nadu","Thiruvarur","2011-04-03",2011,4,0.0,"IMD GRID MODEL"
"Tamil Nadu","Thiruvarur","2011-04-05",2011,4,0.0,"IMD GRID MODEL"
"Tamil Nadu","Thiruvarur","2011-04-04",2011,4,0.0,"IMD GRID MODEL"
"Tamil Nadu","Thiruvarur","2011-04-06",2011,4,0.0,"IMD GRID MODEL"
"Tamil Nadu","Thiruvarur","2011-04-08",2011,4,0.0,"IMD GRID MODEL"
"Tamil Nadu","Thiruvarur","2011-04-07",2011,4,0.0,"IMD GRID MODEL"
"Tamil Nadu","Thiruvarur","2011-04-09",2011,4,0.0,"IMD GRID MODEL"
"Tamil Nadu","Thiruvarur","2011-04-10",2011,4,0.0,"IMD GRID MODEL"
"Tamil Nadu","Thiruvarur","2011-04-11",2011,4,0.0,"IMD GRID MODEL"
"Tamil Nadu","Thiruvarur","2011-04-13",2011,4,0.0,"IMD GRID MODEL"
"Tamil Nadu","Thiruvarur","2011-04-12",2011,4,0.0,"IMD GRID MODEL"
"Tamil Nadu","Thiruvarur","2011-04-14",2011,4,0.0,"IMD GRID MODEL"
"Tamil Nadu","Thiruvarur","2011-04-15",2011,4,0.0,"IMD GRID MODEL"
"Tamil Nadu","Thiruvarur","2011-04-16",2011,4,0.0,"IMD GRID MODEL"
"Tamil Nadu","Thiruvarur","2011-04-17",2011,4,0.0,"IMD GRID MODEL"
"Tamil Nadu","Thiruvarur","2011-04-18",2011,4,0.0,"IMD GRID MODEL"
"Tamil Nadu","Thiruvarur","2011-04-19",2011,4,0.0,"IMD GRID MODEL"
"Tamil Nadu","Thiruvarur","2011-04-20",2011,4,0.0,"IMD GRID MODEL"
"Tamil Nadu","Thiruvarur","2011-04-21",2011,4,0.0,"IMD GRID MODEL"
"Tamil Nadu","Thiruvarur","2011-04-22",2011,4,0.0,"IMD GRID MODEL"
"Tamil Nadu","Thiruvarur","2011-04-23",2011,4,0.0,"IMD GRID MODEL"
"Tamil Nadu","Thiruvarur","2011-04-24",2011,4,0.0,"IMD GRID MODEL"
"Tamil Nadu","Thiruvarur","2011-04-25",2011,4,0.0,"IMD GRID MODEL"
"Tamil Nadu","Thiruvarur","2011-04-26",2011,4,0.0,"IMD GRID MODEL"
"Tamil Nadu","Thiruvarur","2011-04-27",2011,4,0.0,"IMD GRID MODEL"
"Tamil Nadu","Thiruvarur","2011-04-28",2011,4,0.0,"IMD GRID MODEL"
"Tamil Nadu","Thiruvarur","2011-04-29",2011,4,0.0,"IMD GRID MODEL"
"Tamil Nadu","Thiruvarur","2011-04-02",2011,4,0.0,"IMD GRID MODEL"
"Tamil Nadu","Thiruvarur","2011-04-30",2011,4,0.0,"IMD GRID MODEL"
"Tamil Nadu","Thiruvarur","2011-08-02",2011,8,0.0,"IMD GRID MODEL"
"Tamil Nadu","Thiruvarur","2011-08-03",2011,8,0.0,"IMD GRID MODEL"
"Tamil Nadu","Thiruvarur","2011-08-04",2011,8,0.0,"IMD GRID MODEL"
"Tamil Nadu","Thiruvarur","2011-08-05",2011,8,0.0,"IMD GRID MODEL"
"Tamil Nadu","Thiruvarur","2011-08-06",2011,8,0.0,"IMD GRID MODEL"
"Tamil Nadu","Thiruvarur","2011-08-07",2011,8,0.0,"IMD GRID MODEL"
"Tamil Nadu","Thiruvarur","2011-08-08",2011,8,0.0,"IMD GRID MODEL"
"Tamil Nadu","Thiruvarur","2011-08-09",2011,8,0.0,"IMD GRID MODEL"
"Tamil Nadu","Thiruvarur","2011-08-10",2011,8,0.0,"IMD GRID MODEL"
"Tamil Nadu","Thiruvarur","2011-08-11",2011,8,0.0,"IMD GRID MODEL"
"Tamil Nadu","Thiruvarur","2011-08-12",2011,8,0.0,"IMD GRID MODEL"
"Tamil Nadu","Thiruvarur","2011-08-13",2011,8,0.0,"IMD GRID MODEL"
"Tamil Nadu","Thiruvarur","2011-08-01",2011,8,0.0,"IMD GRID MODEL"
"Tamil Nadu","Thiruvarur","2011-08-15",2011,8,0.0,"IMD GRID MODEL"
"Tamil Nadu","Thiruvarur","2011-08-14",2011,8,0.0,"IMD GRID MODEL"
"Tamil Nadu","Thiruvarur","2011-08-17",2011,8,0.0,"IMD GRID MODEL"
"Tamil Nadu","Thiruvarur","2011-08-18",2011,8,0.0,"IMD GRID MODEL"
"Tamil Nadu","Thiruvarur","2011-08-19",2011,8,0.0,"IMD GRID MODEL"
"Tamil Nadu","Thiruvarur","2011-08-20",2011,8,0.0,"IMD GRID MODEL"
"Tamil Nadu","Thiruvarur","2011-08-21",2011,8,0.0,"IMD GRID MODEL"
"Tamil Nadu","Thiruvarur","2011-08-22",2011,8,0.0,"IMD GRID MODEL"
"Tamil Nadu","Thiruvarur","2011-08-23",2011,8,0.0,"IMD GRID MODEL"
"Tamil Nadu","Thiruvarur","2011-08-24",2011,8,0.0,"IMD GRID MODEL"
"Tamil Nadu","Thiruvarur","2011-08-25",2011,8,0.0,"IMD GRID MODEL"
"Tamil Nadu","Thiruvarur","2011-08-26",2011,8,0.0,"IMD GRID MODEL"
"Tamil Nadu","Thiruvarur","2011-08-27",2011,8,0.0,"IMD GRID MODEL"
"Tamil Nadu","Thiruvarur","2011-08-28",2011,8,0.0,"IMD GRID MODEL"
"Tamil Nadu","Thiruvarur","2011-08-29",2011,8,0.0,"IMD GRID MODEL"
"Tamil Nadu","Thiruvarur","2011-08-30",2011,8,0.0,"IMD GRID MODEL"
"Tamil Nadu","Thiruvarur","2011-08-31",2011,8,0.0,"IMD GRID MODEL"
"Tamil Nadu","Thiruvarur","2011-08-16",2011,8,0.0,"IMD GRID MODEL"
"Tamil Nadu","Thiruvarur","2011-12-03",2011,12,0.0,"IMD GRID MODEL"
"Tamil Nadu","Thiruvarur","2011-12-01",2011,12,0.0,"IMD GRID MODEL"
"Tamil Nadu","Thiruvarur","2011-12-05",2011,12,0.0,"IMD GRID MODEL"
"Tamil Nadu","Thiruvarur","2011-12-04",2011,12,0.0,"IMD GRID MODEL"
"Tamil Nadu","Thiruvarur","2011-12-06",2011,12,0.0,"IMD GRID MODEL"
"Tamil Nadu","Thiruvarur","2011-12-07",2011,12,0.0,"IMD GRID MODEL"
"Tamil Nadu","Thiruvarur","2011-12-08",2011,12,0.0,"IMD GRID MODEL"
"Tamil Nadu","Thiruvarur","2011-12-09",2011,12,0.0,"IMD GRID MODEL"
"Tamil Nadu","Thiruvarur","2011-12-10",2011,12,0.0,"IMD GRID MODEL"
"Tamil Nadu","Thiruvarur","2011-12-11",2011,12,0.0,"IMD GRID MODEL"
"Tamil Nadu","Thiruvarur","2011-12-13",2011,12,0.0,"IMD GRID MODEL"
"Tamil Nadu","Thiruvarur","2011-12-12",2011,12,0.0,"IMD GRID MODEL"
"Tamil Nadu","Thiruvarur","2011-12-14",2011,12,0.0,"IMD GRID MODEL"
"Tamil Nadu","Thiruvarur","2011-12-15",2011,12,0.0,"IMD GRID MODEL"
"Tamil Nadu","Thiruvarur","2011-12-16",2011,12,0.0,"IMD GRID MODEL"
"Tamil Nadu","Thiruvarur","2011-12-17",2011,12,0.0,"IMD GRID MODEL"
"Tamil Nadu","Thiruvarur","2011-12-18",2011,12,0.0,"IMD GRID MODEL"
"Tamil Nadu","Thiruvarur","2011-12-19",2011,12,0.0,"IMD GRID MODEL"
"Tamil Nadu","Thiruvarur","2011-12-20",2011,12,0.0,"IMD GRID MODEL"
"Tamil Nadu","Thiruvarur","2011-12-21",2011,12,0.0,"IMD GRID MODEL"
"Tamil Nadu","Thiruvarur","2011-12-22",2011,12,0.0,"IMD GRID MODEL"
"Tamil Nadu","Thiruvarur","2011-12-23",2011,12,0.0,"IMD GRID MODEL"
"Tamil Nadu","Thiruvarur","2011-12-24",2011,12,0.0,"IMD GRID MODEL"
"Tamil Nadu","Thiruvarur","2011-12-25",2011,12,0.0,"IMD GRID MODEL"
"Tamil Nadu","Thiruvarur","2011-12-26",2011,12,0.0,"IMD GRID MODEL"
"Tamil Nadu","Thiruvarur","2011-12-27",2011,12,0.0,"IMD GRID MODEL"
"Tamil Nadu","Thiruvarur","2011-12-28",2011,12,0.0,"IMD GRID MODEL"
"Tamil Nadu","Thiruvarur","2011-12-29",2011,12,0.0,"IMD GRID MODEL"
"Tamil Nadu","Thiruvarur","2011-12-30",2011,12,0.0,"IMD GRID MODEL"
"Tamil Nadu","Thiruvarur","2011-12-02",2011,12,0.0,"IMD GRID MODEL"
"Tamil Nadu","Thiruvarur","2011-12-31",2011,12,0.0,"IMD GRID MODEL"
"Tamil Nadu","Thiruvarur","2011-02-03",2011,2,0.0,"IMD GRID MODEL"
"Tamil Nadu","Thiruvarur","2011-02-02",2011,2,0.0,"IMD GRID MODEL"
"Tamil Nadu","Thiruvarur","2011-02-04",2011,2,0.0,"IMD GRID MODEL"
"Tamil Nadu","Thiruvarur","2011-02-05",2011,2,0.0,"IMD GRID MODEL"
"Tamil Nadu","Thiruvarur","2011-02-06",2011,2,0.0,"IMD GRID MODEL"
"Tamil Nadu","Thiruvarur","2011-02-07",2011,2,0.0,"IMD GRID MODEL"
"Tamil Nadu","Thiruvarur","2011-02-08",2011,2,0.0,"IMD GRID MODEL"
"Tamil Nadu","Thiruvarur","2011-02-09",2011,2,0.0,"IMD GRID MODEL"
"Tamil Nadu","Thiruvarur","2011-02-10",2011,2,0.0,"IMD GRID MODEL"
"Tamil Nadu","Thiruvarur","2011-02-11",2011,2,0.0,"IMD GRID MODEL"
"Tamil Nadu","Thiruvarur","2011-02-12",2011,2,0.0,"IMD GRID MODEL"
"Tamil Nadu","Thiruvarur","2011-02-13",2011,2,0.0,"IMD GRID MODEL"
"Tamil Nadu","Thiruvarur","2011-02-14",2011,2,0.0,"IMD GRID MODEL"
"Tamil Nadu","Thiruvarur","2011-02-15",2011,2,0.0,"IMD GRID MODEL"
"Tamil Nadu","Thiruvarur","2011-02-17",2011,2,0.0,"IMD GRID MODEL"
"Tamil Nadu","Thiruvarur","2011-02-16",2011,2,0.0,"IMD GRID MODEL"
"Tamil Nadu","Thiruvarur","2011-02-18",2011,2,0.0,"IMD GRID MODEL"
"Tamil Nadu","Thiruvarur","2011-02-19",2011,2,0.0,"IMD GRID MODEL"
"Tamil Nadu","Thiruvarur","2011-02-20",2011,2,0.0,"IMD GRID MODEL"
"Tamil Nadu","Thiruvarur","2011-02-21",2011,2,0.0,"IMD GRID MODEL"
"Tamil Nadu","Thiruvarur","2011-02-22",2011,2,0.0,"IMD GRID MODEL"
"Tamil Nadu","Thiruvarur","2011-02-23",2011,2,0.0,"IMD GRID MODEL"
"Tamil Nadu","Thiruvarur","2011-02-24",2011,2,0.0,"IMD GRID MODEL"
"Tamil Nadu","Thiruvarur","2011-02-25",2011,2,0.0,"IMD GRID MODEL"
"Tamil Nadu","Thiruvarur","2011-02-26",2011,2,0.0,"IMD GRID MODEL"
"Tamil Nadu","Thiruvarur","2011-02-27",2011,2,0.0,"IMD GRID MODEL"
"Tamil Nadu","Thiruvarur","2011-02-28",2011,2,0.0,"IMD GRID MODEL"
"Tamil Nadu","Thiruvarur","2011-02-01",2011,2,0.0,"IMD GRID MODEL"
"Tamil Nadu","Thiruvarur","2011-01-02",2011,1,0.0,"IMD GRID MODEL"
"Tamil Nadu","Thiruvarur","2011-01-03",2011,1,0.0,"IMD GRID MODEL"
"Tamil Nadu","Thiruvarur","2011-01-04",2011,1,0.0,"IMD GRID MODEL"
"Tamil Nadu","Thiruvarur","2011-01-05",2011,1,0.0,"IMD GRID MODEL"
"Tamil Nadu","Thiruvarur","2011-01-06",2011,1,0.0,"IMD GRID MODEL"
"Tamil Nadu","Thiruvarur","2011-01-07",2011,1,0.0,"IMD GRID MODEL"
"Tamil Nadu","Thiruvarur","2011-01-09",2011,1,0.0,"IMD GRID MODEL"
"Tamil Nadu","Thiruvarur","2011-01-08",2011,1,0.0,"IMD GRID MODEL"
"Tamil Nadu","Thiruvarur","2011-01-11",2011,1,0.0,"IMD GRID MODEL"
"Tamil Nadu","Thiruvarur","2011-01-10",2011,1,0.0,"IMD GRID MODEL"
"Tamil Nadu","Thiruvarur","2011-01-13",2011,1,0.0,"IMD GRID MODEL"
"Tamil Nadu","Thiruvarur","2011-01-12",2011,1,0.0,"IMD GRID MODEL"
"Tamil Nadu","Thiruvarur","2011-01-14",2011,1,0.0,"IMD GRID MODEL"
"Tamil Nadu","Thiruvarur","2011-01-01",2011,1,0.0,"IMD GRID MODEL"
"Tamil Nadu","Thiruvarur","2011-01-15",2011,1,0.0,"IMD GRID MODEL"
"Tamil Nadu","Thiruvarur","2011-01-16",2011,1,0.0,"IMD GRID MODEL"
"Tamil Nadu","Thiruvarur","2011-01-18",2011,1,0.0,"IMD GRID MODEL"
"Tamil Nadu","Thiruvarur","2011-01-19",2011,1,0.0,"IMD GRID MODEL"
"Tamil Nadu","Thiruvarur","2011-01-20",2011,1,0.0,"IMD GRID MODEL"
"Tamil Nadu","Thiruvarur","2011-01-21",2011,1,0.0,"IMD GRID MODEL"
"Tamil Nadu","Thiruvarur","2011-01-22",2011,1,0.0,"IMD GRID MODEL"
"Tamil Nadu","Thiruvarur","2011-01-23",2011,1,0.0,"IMD GRID MODEL"
"Tamil Nadu","Thiruvarur","2011-01-24",2011,1,0.0,"IMD GRID MODEL"
"Tamil Nadu","Thiruvarur","2011-01-25",2011,1,0.0,"IMD GRID MODEL"
"Tamil Nadu","Thiruvarur","2011-01-26",2011,1,0.0,"IMD GRID MODEL"
"Tamil Nadu","Thiruvarur","2011-01-27",2011,1,0.0,"IMD GRID MODEL"
"Tamil Nadu","Thiruvarur","2011-01-29",2011,1,0.0,"IMD GRID MODEL"
"Tamil Nadu","Thiruvarur","2011-01-28",2011,1,0.0,"IMD GRID MODEL"
"Tamil Nadu","Thiruvarur","2011-01-30",2011,1,0.0,"IMD GRID MODEL"
"Tamil Nadu","Thiruvarur","2011-01-31",2011,1,0.0,"IMD GRID MODEL"
"Tamil Nadu","Thiruvarur","2011-01-17",2011,1,0.0,"IMD GRID MODEL"
"Tamil Nadu","Thiruvarur","2011-07-03",2011,7,0.0,"IMD GRID MODEL"
"Tamil Nadu","Thiruvarur","2011-07-01",2011,7,0.0,"IMD GRID MODEL"
"Tamil Nadu","Thiruvarur","2011-07-04",2011,7,0.0,"IMD GRID MODEL"
"Tamil Nadu","Thiruvarur","2011-07-05",2011,7,0.0,"IMD GRID MODEL"
"Tamil Nadu","Thiruvarur","2011-07-06",2011,7,0.0,"IMD GRID MODEL"
"Tamil Nadu","Thiruvarur","2011-07-07",2011,7,0.0,"IMD GRID MODEL"
"Tamil Nadu","Thiruvarur","2011-07-08",2011,7,0.0,"IMD GRID MODEL"
"Tamil Nadu","Thiruvarur","2011-07-09",2011,7,0.0,"IMD GRID MODEL"
"Tamil Nadu","Thiruvarur","2011-07-10",2011,7,0.0,"IMD GRID MODEL"
"Tamil Nadu","Thiruvarur","2011-07-11",2011,7,0.0,"IMD GRID MODEL"
"Tamil Nadu","Thiruvarur","2011-07-12",2011,7,0.0,"IMD GRID MODEL"
"Tamil Nadu","Thiruvarur","2011-07-13",2011,7,0.0,"IMD GRID MODEL"
"Tamil Nadu","Thiruvarur","2011-07-14",2011,7,0.0,"IMD GRID MODEL"
"Tamil Nadu","Thiruvarur","2011-07-15",2011,7,0.0,"IMD GRID MODEL"
"Tamil Nadu","Thiruvarur","2011-07-16",2011,7,0.0,"IMD GRID MODEL"
"Tamil Nadu","Thiruvarur","2011-07-17",2011,7,0.0,"IMD GRID MODEL"
"Tamil Nadu","Thiruvarur","2011-07-18",2011,7,0.0,"IMD GRID MODEL"
"Tamil Nadu","Thiruvarur","2011-07-19",2011,7,0.0,"IMD GRID MODEL"
"Tamil Nadu","Thiruvarur","2011-07-20",2011,7,0.0,"IMD GRID MODEL"
"Tamil Nadu","Thiruvarur","2011-07-21",2011,7,0.0,"IMD GRID MODEL"
"Tamil Nadu","Thiruvarur","2011-07-22",2011,7,0.0,"IMD GRID MODEL"
"Tamil Nadu","Thiruvarur","2011-07-24",2011,7,0.0,"IMD GRID MODEL"
"Tamil Nadu","Thiruvarur","2011-07-23",2011,7,0.0,"IMD GRID MODEL"
"Tamil Nadu","Thiruvarur","2011-07-25",2011,7,0.0,"IMD GRID MODEL"
"Tamil Nadu","Thiruvarur","2011-07-26",2011,7,0.0,"IMD GRID MODEL"
"Tamil Nadu","Thiruvarur","2011-07-27",2011,7,0.0,"IMD GRID MODEL"
"Tamil Nadu","Thiruvarur","2011-07-02",2011,7,0.0,"IMD GRID MODEL"
"Tamil Nadu","Thiruvarur","2011-07-28",2011,7,0.0,"IMD GRID MODEL"
"Tamil Nadu","Thiruvarur","2011-07-29",2011,7,0.0,"IMD GRID MODEL"
"Tamil Nadu","Thiruvarur","2011-07-30",2011,7,0.0,"IMD GRID MODEL"
"Tamil Nadu","Thiruvarur","2011-07-31",2011,7,0.0,"IMD GRID MODEL"
"Tamil Nadu","Thiruvarur","2011-06-03",2011,6,0.0,"IMD GRID MODEL"
"Tamil Nadu","Thiruvarur","2011-06-02",2011,6,0.0,"IMD GRID MODEL"
"Tamil Nadu","Thiruvarur","2011-06-04",2011,6,0.0,"IMD GRID MODEL"
"Tamil Nadu","Thiruvarur","2011-06-06",2011,6,0.0,"IMD GRID MODEL"
"Tamil Nadu","Thiruvarur","2011-06-05",2011,6,0.0,"IMD GRID MODEL"
"Tamil Nadu","Thiruvarur","2011-06-08",2011,6,0.0,"IMD GRID MODEL"
"Tamil Nadu","Thiruvarur","2011-06-07",2011,6,0.0,"IMD GRID MODEL"
"Tamil Nadu","Thiruvarur","2011-06-10",2011,6,0.0,"IMD GRID MODEL"
"Tamil Nadu","Thiruvarur","2011-06-09",2011,6,0.0,"IMD GRID MODEL"
"Tamil Nadu","Thiruvarur","2011-06-11",2011,6,0.0,"IMD GRID MODEL"
"Tamil Nadu","Thiruvarur","2011-06-12",2011,6,0.0,"IMD GRID MODEL"
"Tamil Nadu","Thiruvarur","2011-06-13",2011,6,0.0,"IMD GRID MODEL"
"Tamil Nadu","Thiruvarur","2011-06-15",2011,6,0.0,"IMD GRID MODEL"
"Tamil Nadu","Thiruvarur","2011-06-14",2011,6,0.0,"IMD GRID MODEL"
"Tamil Nadu","Thiruvarur","2011-06-16",2011,6,0.0,"IMD GRID MODEL"
"Tamil Nadu","Thiruvarur","2011-06-17",2011,6,0.0,"IMD GRID MODEL"
"Tamil Nadu","Thiruvarur","2011-06-18",2011,6,0.0,"IMD GRID MODEL"
"Tamil Nadu","Thiruvarur","2011-06-20",2011,6,0.0,"IMD GRID MODEL"
"Tamil Nadu","Thiruvarur","2011-06-19",2011,6,0.0,"IMD GRID MODEL"
"Tamil Nadu","Thiruvarur","2011-06-21",2011,6,0.0,"IMD GRID MODEL"
"Tamil Nadu","Thiruvarur","2011-06-22",2011,6,0.0,"IMD GRID MODEL"
"Tamil Nadu","Thiruvarur","2011-06-23",2011,6,0.0,"IMD GRID MODEL"
"Tamil Nadu","Thiruvarur","2011-06-24",2011,6,0.0,"IMD GRID MODEL"
"Tamil Nadu","Thiruvarur","2011-06-25",2011,6,0.0,"IMD GRID MODEL"
"Tamil Nadu","Thiruvarur","2011-06-26",2011,6,0.0,"IMD GRID MODEL"
"Tamil Nadu","Thiruvarur","2011-06-27",2011,6,0.0,"IMD GRID MODEL"
"Tamil Nadu","Thiruvarur","2011-06-01",2011,6,0.0,"IMD GRID MODEL"
"Tamil Nadu","Thiruvarur","2011-06-28",2011,6,0.0,"IMD GRID MODEL"
"Tamil Nadu","Thiruvarur","2011-06-29",2011,6,0.0,"IMD GRID MODEL"
"Tamil Nadu","Thiruvarur","2011-06-30",2011,6,0.0,"IMD GRID MODEL"
"Tamil Nadu","Thiruvarur","2011-03-02",2011,3,0.0,"IMD GRID MODEL"
"Tamil Nadu","Thiruvarur","2011-03-03",2011,3,0.0,"IMD GRID MODEL"
"Tamil Nadu","Thiruvarur","2011-03-01",2011,3,0.0,"IMD GRID MODEL"
"Tamil Nadu","Thiruvarur","2011-03-05",2011,3,0.0,"IMD GRID MODEL"
"Tamil Nadu","Thiruvarur","2011-03-04",2011,3,0.0,"IMD GRID MODEL"
"Tamil Nadu","Thiruvarur","2011-03-07",2011,3,0.0,"IMD GRID MODEL"
"Tamil Nadu","Thiruvarur","2011-03-08",2011,3,0.0,"IMD GRID MODEL"
"Tamil Nadu","Thiruvarur","2011-03-09",2011,3,0.0,"IMD GRID MODEL"
"Tamil Nadu","Thiruvarur","2011-03-06",2011,3,0.0,"IMD GRID MODEL"
"Tamil Nadu","Thiruvarur","2011-03-11",2011,3,0.0,"IMD GRID MODEL"
"Tamil Nadu","Thiruvarur","2011-03-10",2011,3,0.0,"IMD GRID MODEL"
"Tamil Nadu","Thiruvarur","2011-03-13",2011,3,0.0,"IMD GRID MODEL"
"Tamil Nadu","Thiruvarur","2011-03-14",2011,3,0.0,"IMD GRID MODEL"
"Tamil Nadu","Thiruvarur","2011-03-16",2011,3,0.0,"IMD GRID MODEL"
"Tamil Nadu","Thiruvarur","2011-03-15",2011,3,0.0,"IMD GRID MODEL"
"Tamil Nadu","Thiruvarur","2011-03-17",2011,3,0.0,"IMD GRID MODEL"
"Tamil Nadu","Thiruvarur","2011-03-12",2011,3,0.0,"IMD GRID MODEL"
"Tamil Nadu","Thiruvarur","2011-03-19",2011,3,0.0,"IMD GRID MODEL"
"Tamil Nadu","Thiruvarur","2011-03-18",2011,3,0.0,"IMD GRID MODEL"
"Tamil Nadu","Thiruvarur","2011-03-20",2011,3,0.0,"IMD GRID MODEL"
"Tamil Nadu","Thiruvarur","2011-03-21",2011,3,0.0,"IMD GRID MODEL"
"Tamil Nadu","Thiruvarur","2011-03-22",2011,3,0.0,"IMD GRID MODEL"
"Tamil Nadu","Thiruvarur","2011-03-24",2011,3,0.0,"IMD GRID MODEL"
"Tamil Nadu","Thiruvarur","2011-03-23",2011,3,0.0,"IMD GRID MODEL"
"Tamil Nadu","Thiruvarur","2011-03-26",2011,3,0.0,"IMD GRID MODEL"
"Tamil Nadu","Thiruvarur","2011-03-25",2011,3,0.0,"IMD GRID MODEL"
"Tamil Nadu","Thiruvarur","2011-03-28",2011,3,0.0,"IMD GRID MODEL"
"Tamil Nadu","Thiruvarur","2011-03-30",2011,3,0.0,"IMD GRID MODEL"
"Tamil Nadu","Thiruvarur","2011-03-29",2011,3,0.0,"IMD GRID MODEL"
"Tamil Nadu","Thiruvarur","2011-03-27",2011,3,0.0,"IMD GRID MODEL"
"Tamil Nadu","Thiruvarur","2011-03-31",2011,3,0.0,"IMD GRID MODEL"
"Tamil Nadu","Thiruvarur","2011-05-02",2011,5,0.0,"IMD GRID MODEL"
"Tamil Nadu","Thiruvarur","2011-05-01",2011,5,0.0,"IMD GRID MODEL"
"Tamil Nadu","Thiruvarur","2011-05-04",2011,5,0.0,"IMD GRID MODEL"
"Tamil Nadu","Thiruvarur","2011-05-06",2011,5,0.0,"IMD GRID MODEL"
"Tamil Nadu","Thiruvarur","2011-05-05",2011,5,0.0,"IMD GRID MODEL"
"Tamil Nadu","Thiruvarur","2011-05-08",2011,5,0.0,"IMD GRID MODEL"
"Tamil Nadu","Thiruvarur","2011-05-07",2011,5,0.0,"IMD GRID MODEL"
"Tamil Nadu","Thiruvarur","2011-05-09",2011,5,0.0,"IMD GRID MODEL"
"Tamil Nadu","Thiruvarur","2011-05-10",2011,5,0.0,"IMD GRID MODEL"
"Tamil Nadu","Thiruvarur","2011-05-11",2011,5,0.0,"IMD GRID MODEL"
"Tamil Nadu","Thiruvarur","2011-05-12",2011,5,0.0,"IMD GRID MODEL"
"Tamil Nadu","Thiruvarur","2011-05-13",2011,5,0.0,"IMD GRID MODEL"
"Tamil Nadu","Thiruvarur","2011-05-14",2011,5,0.0,"IMD GRID MODEL"
"Tamil Nadu","Thiruvarur","2011-05-15",2011,5,0.0,"IMD GRID MODEL"
"Tamil Nadu","Thiruvarur","2011-05-16",2011,5,0.0,"IMD GRID MODEL"
"Tamil Nadu","Thiruvarur","2011-05-18",2011,5,0.0,"IMD GRID MODEL"
"Tamil Nadu","Thiruvarur","2011-05-17",2011,5,0.0,"IMD GRID MODEL"
"Tamil Nadu","Thiruvarur","2011-05-19",2011,5,0.0,"IMD GRID MODEL"
"Tamil Nadu","Thiruvarur","2011-05-20",2011,5,0.0,"IMD GRID MODEL"
"Tamil Nadu","Thiruvarur","2011-05-22",2011,5,0.0,"IMD GRID MODEL"
"Tamil Nadu","Thiruvarur","2011-05-21",2011,5,0.0,"IMD GRID MODEL"
"Tamil Nadu","Thiruvarur","2011-05-23",2011,5,0.0,"IMD GRID MODEL"
"Tamil Nadu","Thiruvarur","2011-05-24",2011,5,0.0,"IMD GRID MODEL"
"Tamil Nadu","Thiruvarur","2011-05-25",2011,5,0.0,"IMD GRID MODEL"
"Tamil Nadu","Thiruvarur","2011-05-26",2011,5,0.0,"IMD GRID MODEL"
"Tamil Nadu","Thiruvarur","2011-05-27",2011,5,0.0,"IMD GRID MODEL"
"Tamil Nadu","Thiruvarur","2011-05-28",2011,5,0.0,"IMD GRID MODEL"
"Tamil Nadu","Thiruvarur","2011-05-29",2011,5,0.0,"IMD GRID MODEL"
"Tamil Nadu","Thiruvarur","2011-05-30",2011,5,0.0,"IMD GRID MODEL"
"Tamil Nadu","Thiruvarur","2011-05-03",2011,5,0.0,"IMD GRID MODEL"
"Tamil Nadu","Thiruvarur","2011-05-31",2011,5,0.0,"IMD GRID MODEL"
"Tamil Nadu","Thiruvarur","2011-11-01",2011,11,0.0,"IMD GRID MODEL"
"Tamil Nadu","Thiruvarur","2011-11-03",2011,11,0.0,"IMD GRID MODEL"
"Tamil Nadu","Thiruvarur","2011-11-05",2011,11,0.0,"IMD GRID MODEL"
"Tamil Nadu","Thiruvarur","2011-11-04",2011,11,0.0,"IMD GRID MODEL"
"Tamil Nadu","Thiruvarur","2011-11-06",2011,11,0.0,"IMD GRID MODEL"
"Tamil Nadu","Thiruvarur","2011-11-07",2011,11,0.0,"IMD GRID MODEL"
"Tamil Nadu","Thiruvarur","2011-11-08",2011,11,0.0,"IMD GRID MODEL"
"Tamil Nadu","Thiruvarur","2011-11-09",2011,11,0.0,"IMD GRID MODEL"
"Tamil Nadu","Thiruvarur","2011-11-10",2011,11,0.0,"IMD GRID MODEL"
"Tamil Nadu","Thiruvarur","2011-11-11",2011,11,0.0,"IMD GRID MODEL"
"Tamil Nadu","Thiruvarur","2011-11-12",2011,11,0.0,"IMD GRID MODEL"
"Tamil Nadu","Thiruvarur","2011-11-13",2011,11,0.0,"IMD GRID MODEL"
"Tamil Nadu","Thiruvarur","2011-11-14",2011,11,0.0,"IMD GRID MODEL"
"Tamil Nadu","Thiruvarur","2011-11-15",2011,11,0.0,"IMD GRID MODEL"
"Tamil Nadu","Thiruvarur","2011-11-17",2011,11,0.0,"IMD GRID MODEL"
"Tamil Nadu","Thiruvarur","2011-11-16",2011,11,0.0,"IMD GRID MODEL"
"Tamil Nadu","Thiruvarur","2011-11-18",2011,11,0.0,"IMD GRID MODEL"
"Tamil Nadu","Thiruvarur","2011-11-19",2011,11,0.0,"IMD GRID MODEL"
"Tamil Nadu","Thiruvarur","2011-11-20",2011,11,0.0,"IMD GRID MODEL"
"Tamil Nadu","Thiruvarur","2011-11-21",2011,11,0.0,"IMD GRID MODEL"
"Tamil Nadu","Thiruvarur","2011-11-22",2011,11,0.0,"IMD GRID MODEL"
"Tamil Nadu","Thiruvarur","2011-11-23",2011,11,0.0,"IMD GRID MODEL"
"Tamil Nadu","Thiruvarur","2011-11-24",2011,11,0.0,"IMD GRID MODEL"
"Tamil Nadu","Thiruvarur","2011-11-25",2011,11,0.0,"IMD GRID MODEL"
"Tamil Nadu","Thiruvarur","2011-11-26",2011,11,0.0,"IMD GRID MODEL"
"Tamil Nadu","Thiruvarur","2011-11-27",2011,11,0.0,"IMD GRID MODEL"
"Tamil Nadu","Thiruvarur","2011-11-28",2011,11,0.0,"IMD GRID MODEL"
"Tamil Nadu","Thiruvarur","2011-11-29",2011,11,0.0,"IMD GRID MODEL"
"Tamil Nadu","Thiruvarur","2011-11-02",2011,11,0.0,"IMD GRID MODEL"
"Tamil Nadu","Thiruvarur","2011-11-30",2011,11,0.0,"IMD GRID MODEL"
"Tamil Nadu","Thiruvarur","2011-10-03",2011,10,0.0,"IMD GRID MODEL"
"Tamil Nadu","Thiruvarur","2011-10-01",2011,10,0.0,"IMD GRID MODEL"
"Tamil Nadu","Thiruvarur","2011-10-04",2011,10,0.0,"IMD GRID MODEL"
"Tamil Nadu","Thiruvarur","2011-10-05",2011,10,0.0,"IMD GRID MODEL"
"Tamil Nadu","Thiruvarur","2011-10-06",2011,10,0.0,"IMD GRID MODEL"
"Tamil Nadu","Thiruvarur","2011-10-07",2011,10,0.0,"IMD GRID MODEL"
"Tamil Nadu","Thiruvarur","2011-10-08",2011,10,0.0,"IMD GRID MODEL"
"Tamil Nadu","Thiruvarur","2011-10-10",2011,10,0.0,"IMD GRID MODEL"
"Tamil Nadu","Thiruvarur","2011-10-09",2011,10,0.0,"IMD GRID MODEL"
"Tamil Nadu","Thiruvarur","2011-10-11",2011,10,0.0,"IMD GRID MODEL"
"Tamil Nadu","Thiruvarur","2011-10-12",2011,10,0.0,"IMD GRID MODEL"
"Tamil Nadu","Thiruvarur","2011-10-13",2011,10,0.0,"IMD GRID MODEL"
"Tamil Nadu","Thiruvarur","2011-10-14",2011,10,0.0,"IMD GRID MODEL"
"Tamil Nadu","Thiruvarur","2011-10-15",2011,10,0.0,"IMD GRID MODEL"
"Tamil Nadu","Thiruvarur","2011-10-16",2011,10,0.0,"IMD GRID MODEL"
"Tamil Nadu","Thiruvarur","2011-10-17",2011,10,0.0,"IMD GRID MODEL"
"Tamil Nadu","Thiruvarur","2011-10-18",2011,10,0.0,"IMD GRID MODEL"
"Tamil Nadu","Thiruvarur","2011-10-19",2011,10,0.0,"IMD GRID MODEL"
"Tamil Nadu","Thiruvarur","2011-10-20",2011,10,0.0,"IMD GRID MODEL"
"Tamil Nadu","Thiruvarur","2011-10-21",2011,10,0.0,"IMD GRID MODEL"
"Tamil Nadu","Thiruvarur","2011-10-22",2011,10,0.0,"IMD GRID MODEL"
"Tamil Nadu","Thiruvarur","2011-10-23",2011,10,0.0,"IMD GRID MODEL"
"Tamil Nadu","Thiruvarur","2011-10-24",2011,10,0.0,"IMD GRID MODEL"
"Tamil Nadu","Thiruvarur","2011-10-25",2011,10,0.0,"IMD GRID MODEL"
"Tamil Nadu","Thiruvarur","2011-10-26",2011,10,0.0,"IMD GRID MODEL"
"Tamil Nadu","Thiruvarur","2011-10-27",2011,10,0.0,"IMD GRID MODEL"
"Tamil Nadu","Thiruvarur","2011-10-28",2011,10,0.0,"IMD GRID MODEL"
"Tamil Nadu","Thiruvarur","2011-10-29",2011,10,0.0,"IMD GRID MODEL"
"Tamil Nadu","Thiruvarur","2011-10-02",2011,10,0.0,"IMD GRID MODEL"
"Tamil Nadu","Thiruvarur","2011-10-30",2011,10,0.0,"IMD GRID MODEL"
"Tamil Nadu","Thiruvarur","2011-10-31",2011,10,0.0,"IMD GRID MODEL"
"Tamil Nadu","Thiruvarur","2011-09-02",2011,9,0.0,"IMD GRID MODEL"
"Tamil Nadu","Thiruvarur","2011-09-03",2011,9,0.0,"IMD GRID MODEL"
"Tamil Nadu","Thiruvarur","2011-09-04",2011,9,0.0,"IMD GRID MODEL"
"Tamil Nadu","Thiruvarur","2011-09-05",2011,9,0.0,"IMD GRID MODEL"
"Tamil Nadu","Thiruvarur","2011-09-06",2011,9,0.0,"IMD GRID MODEL"
"Tamil Nadu","Thiruvarur","2011-09-08",2011,9,0.0,"IMD GRID MODEL"
"Tamil Nadu","Thiruvarur","2011-09-07",2011,9,0.0,"IMD GRID MODEL"
"Tamil Nadu","Thiruvarur","2011-09-09",2011,9,0.0,"IMD GRID MODEL"
"Tamil Nadu","Thiruvarur","2011-09-10",2011,9,0.0,"IMD GRID MODEL"
"Tamil Nadu","Thiruvarur","2011-09-11",2011,9,0.0,"IMD GRID MODEL"
"Tamil Nadu","Thiruvarur","2011-09-12",2011,9,0.0,"IMD GRID MODEL"
"Tamil Nadu","Thiruvarur","2011-09-13",2011,9,0.0,"IMD GRID MODEL"
"Tamil Nadu","Thiruvarur","2011-09-01",2011,9,0.0,"IMD GRID MODEL"
"Tamil Nadu","Thiruvarur","2011-09-14",2011,9,0.0,"IMD GRID MODEL"
"Tamil Nadu","Thiruvarur","2011-09-15",2011,9,0.0,"IMD GRID MODEL"
"Tamil Nadu","Thiruvarur","2011-09-18",2011,9,0.0,"IMD GRID MODEL"
"Tamil Nadu","Thiruvarur","2011-09-17",2011,9,0.0,"IMD GRID MODEL"
"Tamil Nadu","Thiruvarur","2011-09-19",2011,9,0.0,"IMD GRID MODEL"
"Tamil Nadu","Thiruvarur","2011-09-20",2011,9,0.0,"IMD GRID MODEL"
"Tamil Nadu","Thiruvarur","2011-09-21",2011,9,0.0,"IMD GRID MODEL"
"Tamil Nadu","Thiruvarur","2011-09-23",2011,9,0.0,"IMD GRID MODEL"
"Tamil Nadu","Thiruvarur","2011-09-22",2011,9,0.0,"IMD GRID MODEL"
"Tamil Nadu","Thiruvarur","2011-09-24",2011,9,0.0,"IMD GRID MODEL"
"Tamil Nadu","Thiruvarur","2011-09-25",2011,9,0.0,"IMD GRID MODEL"
"Tamil Nadu","Thiruvarur","2011-09-26",2011,9,0.0,"IMD GRID MODEL"
"Tamil Nadu","Thiruvarur","2011-09-27",2011,9,0.0,"IMD GRID MODEL"
"Tamil Nadu","Thiruvarur","2011-09-28",2011,9,0.0,"IMD GRID MODEL"
"Tamil Nadu","Thiruvarur","2011-09-29",2011,9,0.0,"IMD GRID MODEL"
"Tamil Nadu","Thiruvarur","2011-09-30",2011,9,0.0,"IMD GRID MODEL"
"Tamil Nadu","Thiruvarur","2011-09-16",2011,9,0.0,"IMD GRID MODEL"
"Tamil Nadu","Thiruvarur","2012-04-01",2012,4,0.0,"IMD GRID MODEL"
"Tamil Nadu","Thiruvarur","2012-04-03",2012,4,0.0,"IMD GRID MODEL"
"Tamil Nadu","Thiruvarur","2012-04-05",2012,4,0.0,"IMD GRID MODEL"
"Tamil Nadu","Thiruvarur","2012-04-07",2012,4,0.0,"IMD GRID MODEL"
"Tamil Nadu","Thiruvarur","2012-04-10",2012,4,0.0,"IMD GRID MODEL"
"Tamil Nadu","Thiruvarur","2012-04-12",2012,4,0.0,"IMD GRID MODEL"
"Tamil Nadu","Thiruvarur","2012-04-14",2012,4,0.0,"IMD GRID MODEL"
"Tamil Nadu","Thiruvarur","2012-04-16",2012,4,0.0,"IMD GRID MODEL"
"Tamil Nadu","Thiruvarur","2012-04-18",2012,4,0.0,"IMD GRID MODEL"
"Tamil Nadu","Thiruvarur","2012-04-19",2012,4,0.0,"IMD GRID MODEL"
"Tamil Nadu","Thiruvarur","2012-04-20",2012,4,0.0,"IMD GRID MODEL"
"Tamil Nadu","Thiruvarur","2012-04-21",2012,4,0.0,"IMD GRID MODEL"
"Tamil Nadu","Thiruvarur","2012-04-22",2012,4,0.0,"IMD GRID MODEL"
"Tamil Nadu","Thiruvarur","2012-04-23",2012,4,0.0,"IMD GRID MODEL"
"Tamil Nadu","Thiruvarur","2012-04-24",2012,4,0.0,"IMD GRID MODEL"
"Tamil Nadu","Thiruvarur","2012-04-25",2012,4,0.0,"IMD GRID MODEL"
"Tamil Nadu","Thiruvarur","2012-04-26",2012,4,0.0,"IMD GRID MODEL"
"Tamil Nadu","Thiruvarur","2012-04-27",2012,4,0.0,"IMD GRID MODEL"
"Tamil Nadu","Thiruvarur","2012-04-28",2012,4,0.0,"IMD GRID MODEL"
"Tamil Nadu","Thiruvarur","2012-04-29",2012,4,0.0,"IMD GRID MODEL"
"Tamil Nadu","Thiruvarur","2012-04-30",2012,4,0.0,"IMD GRID MODEL"
"Tamil Nadu","Thiruvarur","2012-04-04",2012,4,0.0,"IMD GRID MODEL"
"Tamil Nadu","Thiruvarur","2012-04-06",2012,4,0.0,"IMD GRID MODEL"
"Tamil Nadu","Thiruvarur","2012-04-08",2012,4,0.0,"IMD GRID MODEL"
"Tamil Nadu","Thiruvarur","2012-04-09",2012,4,0.0,"IMD GRID MODEL"
"Tamil Nadu","Thiruvarur","2012-04-11",2012,4,0.0,"IMD GRID MODEL"
"Tamil Nadu","Thiruvarur","2012-04-13",2012,4,0.0,"IMD GRID MODEL"
"Tamil Nadu","Thiruvarur","2012-04-15",2012,4,0.0,"IMD GRID MODEL"
"Tamil Nadu","Thiruvarur","2012-04-17",2012,4,0.0,"IMD GRID MODEL"
"Tamil Nadu","Thiruvarur","2012-04-02",2012,4,0.0,"IMD GRID MODEL"
"Tamil Nadu","Thiruvarur","2012-08-02",2012,8,0.0,"IMD GRID MODEL"
"Tamil Nadu","Thiruvarur","2012-08-04",2012,8,0.0,"IMD GRID MODEL"
"Tamil Nadu","Thiruvarur","2012-08-01",2012,8,0.0,"IMD GRID MODEL"
"Tamil Nadu","Thiruvarur","2012-08-05",2012,8,0.0,"IMD GRID MODEL"
"Tamil Nadu","Thiruvarur","2012-08-06",2012,8,0.0,"IMD GRID MODEL"
"Tamil Nadu","Thiruvarur","2012-08-07",2012,8,0.0,"IMD GRID MODEL"
"Tamil Nadu","Thiruvarur","2012-08-09",2012,8,0.0,"IMD GRID MODEL"
"Tamil Nadu","Thiruvarur","2012-08-03",2012,8,0.0,"IMD GRID MODEL"
"Tamil Nadu","Thiruvarur","2012-08-08",2012,8,0.0,"IMD GRID MODEL"
"Tamil Nadu","Thiruvarur","2012-08-10",2012,8,0.0,"IMD GRID MODEL"
"Tamil Nadu","Thiruvarur","2012-08-12",2012,8,0.0,"IMD GRID MODEL"
"Tamil Nadu","Thiruvarur","2012-08-13",2012,8,0.0,"IMD GRID MODEL"
"Tamil Nadu","Thiruvarur","2012-08-11",2012,8,0.0,"IMD GRID MODEL"
"Tamil Nadu","Thiruvarur","2012-08-15",2012,8,0.0,"IMD GRID MODEL"
"Tamil Nadu","Thiruvarur","2012-08-17",2012,8,0.0,"IMD GRID MODEL"
"Tamil Nadu","Thiruvarur","2012-08-14",2012,8,0.0,"IMD GRID MODEL"
"Tamil Nadu","Thiruvarur","2012-08-19",2012,8,0.0,"IMD GRID MODEL"
"Tamil Nadu","Thiruvarur","2012-08-20",2012,8,0.0,"IMD GRID MODEL"
"Tamil Nadu","Thiruvarur","2012-08-16",2012,8,0.0,"IMD GRID MODEL"
"Tamil Nadu","Thiruvarur","2012-08-18",2012,8,0.0,"IMD GRID MODEL"
"Tamil Nadu","Thiruvarur","2012-08-23",2012,8,0.0,"IMD GRID MODEL"
"Tamil Nadu","Thiruvarur","2012-08-21",2012,8,0.0,"IMD GRID MODEL"
"Tamil Nadu","Thiruvarur","2012-08-24",2012,8,0.0,"IMD GRID MODEL"
"Tamil Nadu","Thiruvarur","2012-08-26",2012,8,0.0,"IMD GRID MODEL"
"Tamil Nadu","Thiruvarur","2012-08-22",2012,8,0.0,"IMD GRID MODEL"
"Tamil Nadu","Thiruvarur","2012-08-25",2012,8,0.0,"IMD GRID MODEL"
"Tamil Nadu","Thiruvarur","2012-08-27",2012,8,0.0,"IMD GRID MODEL"
"Tamil Nadu","Thiruvarur","2012-08-28",2012,8,0.0,"IMD GRID MODEL"
"Tamil Nadu","Thiruvarur","2012-08-30",2012,8,0.0,"IMD GRID MODEL"
"Tamil Nadu","Thiruvarur","2012-08-29",2012,8,0.0,"IMD GRID MODEL"
"Tamil Nadu","Thiruvarur","2012-08-31",2012,8,0.0,"IMD GRID MODEL"
"Tamil Nadu","Thiruvarur","2012-12-01",2012,12,0.0,"IMD GRID MODEL"
"Tamil Nadu","Thiruvarur","2012-12-03",2012,12,0.0,"IMD GRID MODEL"
"Tamil Nadu","Thiruvarur","2012-12-04",2012,12,0.0,"IMD GRID MODEL"
"Tamil Nadu","Thiruvarur","2012-12-05",2012,12,0.0,"IMD GRID MODEL"
"Tamil Nadu","Thiruvarur","2012-12-06",2012,12,0.0,"IMD GRID MODEL"
"Tamil Nadu","Thiruvarur","2012-12-07",2012,12,0.0,"IMD GRID MODEL"
"Tamil Nadu","Thiruvarur","2012-12-08",2012,12,0.0,"IMD GRID MODEL"
"Tamil Nadu","Thiruvarur","2012-12-09",2012,12,0.0,"IMD GRID MODEL"
"Tamil Nadu","Thiruvarur","2012-12-10",2012,12,0.0,"IMD GRID MODEL"
"Tamil Nadu","Thiruvarur","2012-12-11",2012,12,0.0,"IMD GRID MODEL"
"Tamil Nadu","Thiruvarur","2012-12-12",2012,12,0.0,"IMD GRID MODEL"
"Tamil Nadu","Thiruvarur","2012-12-13",2012,12,0.0,"IMD GRID MODEL"
"Tamil Nadu","Thiruvarur","2012-12-14",2012,12,0.0,"IMD GRID MODEL"
"Tamil Nadu","Thiruvarur","2012-12-15",2012,12,0.0,"IMD GRID MODEL"
"Tamil Nadu","Thiruvarur","2012-12-16",2012,12,0.0,"IMD GRID MODEL"
"Tamil Nadu","Thiruvarur","2012-12-17",2012,12,0.0,"IMD GRID MODEL"
"Tamil Nadu","Thiruvarur","2012-12-18",2012,12,0.0,"IMD GRID MODEL"
"Tamil Nadu","Thiruvarur","2012-12-19",2012,12,0.0,"IMD GRID MODEL"
"Tamil Nadu","Thiruvarur","2012-12-20",2012,12,0.0,"IMD GRID MODEL"
"Tamil Nadu","Thiruvarur","2012-12-21",2012,12,0.0,"IMD GRID MODEL"
"Tamil Nadu","Thiruvarur","2012-12-22",2012,12,0.0,"IMD GRID MODEL"
"Tamil Nadu","Thiruvarur","2012-12-23",2012,12,0.0,"IMD GRID MODEL"
"Tamil Nadu","Thiruvarur","2012-12-24",2012,12,0.0,"IMD GRID MODEL"
"Tamil Nadu","Thiruvarur","2012-12-25",2012,12,0.0,"IMD GRID MODEL"
"Tamil Nadu","Thiruvarur","2012-12-26",2012,12,0.0,"IMD GRID MODEL"
"Tamil Nadu","Thiruvarur","2012-12-27",2012,12,0.0,"IMD GRID MODEL"
"Tamil Nadu","Thiruvarur","2012-12-02",2012,12,0.0,"IMD GRID MODEL"
"Tamil Nadu","Thiruvarur","2012-12-28",2012,12,0.0,"IMD GRID MODEL"
"Tamil Nadu","Thiruvarur","2012-12-29",2012,12,0.0,"IMD GRID MODEL"
"Tamil Nadu","Thiruvarur","2012-12-31",2012,12,0.0,"IMD GRID MODEL"
"Tamil Nadu","Thiruvarur","2012-12-30",2012,12,0.0,"IMD GRID MODEL"
"Tamil Nadu","Thiruvarur","2012-02-01",2012,2,0.0,"IMD GRID MODEL"
"Tamil Nadu","Thiruvarur","2012-02-02",2012,2,0.0,"IMD GRID MODEL"
"Tamil Nadu","Thiruvarur","2012-02-04",2012,2,0.0,"IMD GRID MODEL"
"Tamil Nadu","Thiruvarur","2012-02-05",2012,2,0.0,"IMD GRID MODEL"
"Tamil Nadu","Thiruvarur","2012-02-06",2012,2,0.0,"IMD GRID MODEL"
"Tamil Nadu","Thiruvarur","2012-02-07",2012,2,0.0,"IMD GRID MODEL"
"Tamil Nadu","Thiruvarur","2012-02-08",2012,2,0.0,"IMD GRID MODEL"
"Tamil Nadu","Thiruvarur","2012-02-09",2012,2,0.0,"IMD GRID MODEL"
"Tamil Nadu","Thiruvarur","2012-02-10",2012,2,0.0,"IMD GRID MODEL"
"Tamil Nadu","Thiruvarur","2012-02-11",2012,2,0.0,"IMD GRID MODEL"
"Tamil Nadu","Thiruvarur","2012-02-12",2012,2,0.0,"IMD GRID MODEL"
"Tamil Nadu","Thiruvarur","2012-02-13",2012,2,0.0,"IMD GRID MODEL"
"Tamil Nadu","Thiruvarur","2012-02-14",2012,2,0.0,"IMD GRID MODEL"
"Tamil Nadu","Thiruvarur","2012-02-15",2012,2,0.0,"IMD GRID MODEL"
"Tamil Nadu","Thiruvarur","2012-02-16",2012,2,0.0,"IMD GRID MODEL"
"Tamil Nadu","Thiruvarur","2012-02-17",2012,2,0.0,"IMD GRID MODEL"
"Tamil Nadu","Thiruvarur","2012-02-18",2012,2,0.0,"IMD GRID MODEL"
"Tamil Nadu","Thiruvarur","2012-02-19",2012,2,0.0,"IMD GRID MODEL"
"Tamil Nadu","Thiruvarur","2012-02-20",2012,2,0.0,"IMD GRID MODEL"
"Tamil Nadu","Thiruvarur","2012-02-21",2012,2,0.0,"IMD GRID MODEL"
"Tamil Nadu","Thiruvarur","2012-02-22",2012,2,0.0,"IMD GRID MODEL"
"Tamil Nadu","Thiruvarur","2012-02-23",2012,2,0.0,"IMD GRID MODEL"
"Tamil Nadu","Thiruvarur","2012-02-24",2012,2,0.0,"IMD GRID MODEL"
"Tamil Nadu","Thiruvarur","2012-02-25",2012,2,0.0,"IMD GRID MODEL"
"Tamil Nadu","Thiruvarur","2012-02-26",2012,2,0.0,"IMD GRID MODEL"
"Tamil Nadu","Thiruvarur","2012-02-27",2012,2,0.0,"IMD GRID MODEL"
"Tamil Nadu","Thiruvarur","2012-02-28",2012,2,0.0,"IMD GRID MODEL"
"Tamil Nadu","Thiruvarur","2012-02-03",2012,2,0.0,"IMD GRID MODEL"
"Tamil Nadu","Thiruvarur","2012-02-29",2012,2,0.0,"IMD GRID MODEL"
"Tamil Nadu","Thiruvarur","2012-01-01",2012,1,0.0,"IMD GRID MODEL"
"Tamil Nadu","Thiruvarur","2012-01-03",2012,1,0.0,"IMD GRID MODEL"
"Tamil Nadu","Thiruvarur","2012-01-04",2012,1,0.0,"IMD GRID MODEL"
"Tamil Nadu","Thiruvarur","2012-01-05",2012,1,0.0,"IMD GRID MODEL"
"Tamil Nadu","Thiruvarur","2012-01-06",2012,1,0.0,"IMD GRID MODEL"
"Tamil Nadu","Thiruvarur","2012-01-07",2012,1,0.0,"IMD GRID MODEL"
"Tamil Nadu","Thiruvarur","2012-01-08",2012,1,0.0,"IMD GRID MODEL"
"Tamil Nadu","Thiruvarur","2012-01-10",2012,1,0.0,"IMD GRID MODEL"
"Tamil Nadu","Thiruvarur","2012-01-09",2012,1,0.0,"IMD GRID MODEL"
"Tamil Nadu","Thiruvarur","2012-01-11",2012,1,0.0,"IMD GRID MODEL"
"Tamil Nadu","Thiruvarur","2012-01-13",2012,1,0.0,"IMD GRID MODEL"
"Tamil Nadu","Thiruvarur","2012-01-12",2012,1,0.0,"IMD GRID MODEL"
"Tamil Nadu","Thiruvarur","2012-01-14",2012,1,0.0,"IMD GRID MODEL"
"Tamil Nadu","Thiruvarur","2012-01-15",2012,1,0.0,"IMD GRID MODEL"
"Tamil Nadu","Thiruvarur","2012-01-16",2012,1,0.0,"IMD GRID MODEL"
"Tamil Nadu","Thiruvarur","2012-01-17",2012,1,0.0,"IMD GRID MODEL"
"Tamil Nadu","Thiruvarur","2012-01-18",2012,1,0.0,"IMD GRID MODEL"
"Tamil Nadu","Thiruvarur","2012-01-20",2012,1,0.0,"IMD GRID MODEL"
"Tamil Nadu","Thiruvarur","2012-01-19",2012,1,0.0,"IMD GRID MODEL"
"Tamil Nadu","Thiruvarur","2012-01-21",2012,1,0.0,"IMD GRID MODEL"
"Tamil Nadu","Thiruvarur","2012-01-22",2012,1,0.0,"IMD GRID MODEL"
"Tamil Nadu","Thiruvarur","2012-01-23",2012,1,0.0,"IMD GRID MODEL"
"Tamil Nadu","Thiruvarur","2012-01-24",2012,1,0.0,"IMD GRID MODEL"
"Tamil Nadu","Thiruvarur","2012-01-25",2012,1,0.0,"IMD GRID MODEL"
"Tamil Nadu","Thiruvarur","2012-01-26",2012,1,0.0,"IMD GRID MODEL"
"Tamil Nadu","Thiruvarur","2012-01-27",2012,1,0.0,"IMD GRID MODEL"
"Tamil Nadu","Thiruvarur","2012-01-28",2012,1,0.0,"IMD GRID MODEL"
"Tamil Nadu","Thiruvarur","2012-01-29",2012,1,0.0,"IMD GRID MODEL"
"Tamil Nadu","Thiruvarur","2012-01-30",2012,1,0.0,"IMD GRID MODEL"
"Tamil Nadu","Thiruvarur","2012-01-02",2012,1,0.0,"IMD GRID MODEL"
"Tamil Nadu","Thiruvarur","2012-01-31",2012,1,0.0,"IMD GRID MODEL"
"Tamil Nadu","Thiruvarur","2012-07-02",2012,7,0.0,"IMD GRID MODEL"
"Tamil Nadu","Thiruvarur","2012-07-03",2012,7,0.0,"IMD GRID MODEL"
"Tamil Nadu","Thiruvarur","2012-07-04",2012,7,0.0,"IMD GRID MODEL"
"Tamil Nadu","Thiruvarur","2012-07-05",2012,7,0.0,"IMD GRID MODEL"
"Tamil Nadu","Thiruvarur","2012-07-06",2012,7,0.0,"IMD GRID MODEL"
"Tamil Nadu","Thiruvarur","2012-07-07",2012,7,0.0,"IMD GRID MODEL"
"Tamil Nadu","Thiruvarur","2012-07-08",2012,7,0.0,"IMD GRID MODEL"
"Tamil Nadu","Thiruvarur","2012-07-10",2012,7,0.0,"IMD GRID MODEL"
"Tamil Nadu","Thiruvarur","2012-07-09",2012,7,0.0,"IMD GRID MODEL"
"Tamil Nadu","Thiruvarur","2012-07-11",2012,7,0.0,"IMD GRID MODEL"
"Tamil Nadu","Thiruvarur","2012-07-12",2012,7,0.0,"IMD GRID MODEL"
"Tamil Nadu","Thiruvarur","2012-07-13",2012,7,0.0,"IMD GRID MODEL"
"Tamil Nadu","Thiruvarur","2012-07-14",2012,7,0.0,"IMD GRID MODEL"
"Tamil Nadu","Thiruvarur","2012-07-15",2012,7,0.0,"IMD GRID MODEL"
"Tamil Nadu","Thiruvarur","2012-07-16",2012,7,0.0,"IMD GRID MODEL"
"Tamil Nadu","Thiruvarur","2012-07-17",2012,7,0.0,"IMD GRID MODEL"
"Tamil Nadu","Thiruvarur","2012-07-18",2012,7,0.0,"IMD GRID MODEL"
"Tamil Nadu","Thiruvarur","2012-07-19",2012,7,0.0,"IMD GRID MODEL"
"Tamil Nadu","Thiruvarur","2012-07-20",2012,7,0.0,"IMD GRID MODEL"
"Tamil Nadu","Thiruvarur","2012-07-21",2012,7,0.0,"IMD GRID MODEL"
"Tamil Nadu","Thiruvarur","2012-07-22",2012,7,0.0,"IMD GRID MODEL"
"Tamil Nadu","Thiruvarur","2012-07-23",2012,7,0.0,"IMD GRID MODEL"
"Tamil Nadu","Thiruvarur","2012-07-24",2012,7,0.0,"IMD GRID MODEL"
"Tamil Nadu","Thiruvarur","2012-07-25",2012,7,0.0,"IMD GRID MODEL"
"Tamil Nadu","Thiruvarur","2012-07-01",2012,7,0.0,"IMD GRID MODEL"
"Tamil Nadu","Thiruvarur","2012-07-26",2012,7,0.0,"IMD GRID MODEL"
"Tamil Nadu","Thiruvarur","2012-07-27",2012,7,0.0,"IMD GRID MODEL"
"Tamil Nadu","Thiruvarur","2012-07-30",2012,7,0.0,"IMD GRID MODEL"
"Tamil Nadu","Thiruvarur","2012-07-28",2012,7,0.0,"IMD GRID MODEL"
"Tamil Nadu","Thiruvarur","2012-07-31",2012,7,0.0,"IMD GRID MODEL"
"Tamil Nadu","Thiruvarur","2012-07-29",2012,7,0.0,"IMD GRID MODEL"
"Tamil Nadu","Thiruvarur","2012-06-03",2012,6,0.0,"IMD GRID MODEL"
"Tamil Nadu","Thiruvarur","2012-06-05",2012,6,0.0,"IMD GRID MODEL"
"Tamil Nadu","Thiruvarur","2012-06-06",2012,6,0.0,"IMD GRID MODEL"
"Tamil Nadu","Thiruvarur","2012-06-08",2012,6,0.0,"IMD GRID MODEL"
"Tamil Nadu","Thiruvarur","2012-06-10",2012,6,0.0,"IMD GRID MODEL"
"Tamil Nadu","Thiruvarur","2012-06-01",2012,6,0.0,"IMD GRID MODEL"
"Tamil Nadu","Thiruvarur","2012-06-04",2012,6,0.0,"IMD GRID MODEL"
"Tamil Nadu","Thiruvarur","2012-06-07",2012,6,0.0,"IMD GRID MODEL"
"Tamil Nadu","Thiruvarur","2012-06-09",2012,6,0.0,"IMD GRID MODEL"
"Tamil Nadu","Thiruvarur","2012-06-11",2012,6,0.0,"IMD GRID MODEL"
"Tamil Nadu","Thiruvarur","2012-06-12",2012,6,0.0,"IMD GRID MODEL"
"Tamil Nadu","Thiruvarur","2012-06-14",2012,6,0.0,"IMD GRID MODEL"
"Tamil Nadu","Thiruvarur","2012-06-16",2012,6,0.0,"IMD GRID MODEL"
"Tamil Nadu","Thiruvarur","2012-06-18",2012,6,0.0,"IMD GRID MODEL"
"Tamil Nadu","Thiruvarur","2012-06-22",2012,6,0.0,"IMD GRID MODEL"
"Tamil Nadu","Thiruvarur","2012-06-24",2012,6,0.0,"IMD GRID MODEL"
"Tamil Nadu","Thiruvarur","2012-06-26",2012,6,0.0,"IMD GRID MODEL"
"Tamil Nadu","Thiruvarur","2012-06-27",2012,6,0.0,"IMD GRID MODEL"
"Tamil Nadu","Thiruvarur","2012-06-28",2012,6,0.0,"IMD GRID MODEL"
"Tamil Nadu","Thiruvarur","2012-06-29",2012,6,0.0,"IMD GRID MODEL"
"Tamil Nadu","Thiruvarur","2012-06-30",2012,6,0.0,"IMD GRID MODEL"
"Tamil Nadu","Thiruvarur","2012-06-13",2012,6,0.0,"IMD GRID MODEL"
"Tamil Nadu","Thiruvarur","2012-06-15",2012,6,0.0,"IMD GRID MODEL"
"Tamil Nadu","Thiruvarur","2012-06-17",2012,6,0.0,"IMD GRID MODEL"
"Tamil Nadu","Thiruvarur","2012-06-19",2012,6,0.0,"IMD GRID MODEL"
"Tamil Nadu","Thiruvarur","2012-06-20",2012,6,0.0,"IMD GRID MODEL"
"Tamil Nadu","Thiruvarur","2012-06-21",2012,6,0.0,"IMD GRID MODEL"
"Tamil Nadu","Thiruvarur","2012-06-23",2012,6,0.0,"IMD GRID MODEL"
"Tamil Nadu","Thiruvarur","2012-06-25",2012,6,0.0,"IMD GRID MODEL"
"Tamil Nadu","Thiruvarur","2012-06-02",2012,6,0.0,"IMD GRID MODEL"
"Tamil Nadu","Thiruvarur","2012-03-02",2012,3,0.0,"IMD GRID MODEL"
"Tamil Nadu","Thiruvarur","2012-03-04",2012,3,0.0,"IMD GRID MODEL"
"Tamil Nadu","Thiruvarur","2012-03-06",2012,3,0.0,"IMD GRID MODEL"
"Tamil Nadu","Thiruvarur","2012-03-08",2012,3,0.0,"IMD GRID MODEL"
"Tamil Nadu","Thiruvarur","2012-03-11",2012,3,0.0,"IMD GRID MODEL"
"Tamil Nadu","Thiruvarur","2012-03-13",2012,3,0.0,"IMD GRID MODEL"
"Tamil Nadu","Thiruvarur","2012-03-15",2012,3,0.0,"IMD GRID MODEL"
"Tamil Nadu","Thiruvarur","2012-03-16",2012,3,0.0,"IMD GRID MODEL"
"Tamil Nadu","Thiruvarur","2012-03-18",2012,3,0.0,"IMD GRID MODEL"
"Tamil Nadu","Thiruvarur","2012-03-19",2012,3,0.0,"IMD GRID MODEL"
"Tamil Nadu","Thiruvarur","2012-03-20",2012,3,0.0,"IMD GRID MODEL"
"Tamil Nadu","Thiruvarur","2012-03-21",2012,3,0.0,"IMD GRID MODEL"
"Tamil Nadu","Thiruvarur","2012-03-22",2012,3,0.0,"IMD GRID MODEL"
"Tamil Nadu","Thiruvarur","2012-03-23",2012,3,0.0,"IMD GRID MODEL"
"Tamil Nadu","Thiruvarur","2012-03-24",2012,3,0.0,"IMD GRID MODEL"
"Tamil Nadu","Thiruvarur","2012-03-25",2012,3,0.0,"IMD GRID MODEL"
"Tamil Nadu","Thiruvarur","2012-03-26",2012,3,0.0,"IMD GRID MODEL"
"Tamil Nadu","Thiruvarur","2012-03-27",2012,3,0.0,"IMD GRID MODEL"
"Tamil Nadu","Thiruvarur","2012-03-28",2012,3,0.0,"IMD GRID MODEL"
"Tamil Nadu","Thiruvarur","2012-03-29",2012,3,0.0,"IMD GRID MODEL"
"Tamil Nadu","Thiruvarur","2012-03-30",2012,3,0.0,"IMD GRID MODEL"
"Tamil Nadu","Thiruvarur","2012-03-31",2012,3,0.0,"IMD GRID MODEL"
"Tamil Nadu","Thiruvarur","2012-03-01",2012,3,0.0,"IMD GRID MODEL"
"Tamil Nadu","Thiruvarur","2012-03-05",2012,3,0.0,"IMD GRID MODEL"
"Tamil Nadu","Thiruvarur","2012-03-07",2012,3,0.0,"IMD GRID MODEL"
"Tamil Nadu","Thiruvarur","2012-03-09",2012,3,0.0,"IMD GRID MODEL"
"Tamil Nadu","Thiruvarur","2012-03-10",2012,3,0.0,"IMD GRID MODEL"
"Tamil Nadu","Thiruvarur","2012-03-12",2012,3,0.0,"IMD GRID MODEL"
"Tamil Nadu","Thiruvarur","2012-03-14",2012,3,0.0,"IMD GRID MODEL"
"Tamil Nadu","Thiruvarur","2012-03-17",2012,3,0.0,"IMD GRID MODEL"
"Tamil Nadu","Thiruvarur","2012-03-03",2012,3,0.0,"IMD GRID MODEL"
"Tamil Nadu","Thiruvarur","2012-05-02",2012,5,0.0,"IMD GRID MODEL"
"Tamil Nadu","Thiruvarur","2012-05-04",2012,5,0.0,"IMD GRID MODEL"
"Tamil Nadu","Thiruvarur","2012-05-03",2012,5,0.0,"IMD GRID MODEL"
"Tamil Nadu","Thiruvarur","2012-05-06",2012,5,0.0,"IMD GRID MODEL"
"Tamil Nadu","Thiruvarur","2012-05-05",2012,5,0.0,"IMD GRID MODEL"
"Tamil Nadu","Thiruvarur","2012-05-07",2012,5,0.0,"IMD GRID MODEL"
"Tamil Nadu","Thiruvarur","2012-05-08",2012,5,0.0,"IMD GRID MODEL"
"Tamil Nadu","Thiruvarur","2012-05-09",2012,5,0.0,"IMD GRID MODEL"
"Tamil Nadu","Thiruvarur","2012-05-11",2012,5,0.0,"IMD GRID MODEL"
"Tamil Nadu","Thiruvarur","2012-05-10",2012,5,0.0,"IMD GRID MODEL"
"Tamil Nadu","Thiruvarur","2012-05-12",2012,5,0.0,"IMD GRID MODEL"
"Tamil Nadu","Thiruvarur","2012-05-13",2012,5,0.0,"IMD GRID MODEL"
"Tamil Nadu","Thiruvarur","2012-05-14",2012,5,0.0,"IMD GRID MODEL"
"Tamil Nadu","Thiruvarur","2012-05-15",2012,5,0.0,"IMD GRID MODEL"
"Tamil Nadu","Thiruvarur","2012-05-16",2012,5,0.0,"IMD GRID MODEL"
"Tamil Nadu","Thiruvarur","2012-05-17",2012,5,0.0,"IMD GRID MODEL"
"Tamil Nadu","Thiruvarur","2012-05-18",2012,5,0.0,"IMD GRID MODEL"
"Tamil Nadu","Thiruvarur","2012-05-19",2012,5,0.0,"IMD GRID MODEL"
"Tamil Nadu","Thiruvarur","2012-05-01",2012,5,0.0,"IMD GRID MODEL"
"Tamil Nadu","Thiruvarur","2012-05-20",2012,5,0.0,"IMD GRID MODEL"
"Tamil Nadu","Thiruvarur","2012-05-21",2012,5,0.0,"IMD GRID MODEL"
"Tamil Nadu","Thiruvarur","2012-05-24",2012,5,0.0,"IMD GRID MODEL"
"Tamil Nadu","Thiruvarur","2012-05-23",2012,5,0.0,"IMD GRID MODEL"
"Tamil Nadu","Thiruvarur","2012-05-25",2012,5,0.0,"IMD GRID MODEL"
"Tamil Nadu","Thiruvarur","2012-05-26",2012,5,0.0,"IMD GRID MODEL"
"Tamil Nadu","Thiruvarur","2012-05-27",2012,5,0.0,"IMD GRID MODEL"
"Tamil Nadu","Thiruvarur","2012-05-28",2012,5,0.0,"IMD GRID MODEL"
"Tamil Nadu","Thiruvarur","2012-05-29",2012,5,0.0,"IMD GRID MODEL"
"Tamil Nadu","Thiruvarur","2012-05-30",2012,5,0.0,"IMD GRID MODEL"
"Tamil Nadu","Thiruvarur","2012-05-31",2012,5,0.0,"IMD GRID MODEL"
"Tamil Nadu","Thiruvarur","2012-05-22",2012,5,0.0,"IMD GRID MODEL"
"Tamil Nadu","Thiruvarur","2012-11-01",2012,11,0.0,"IMD GRID MODEL"
"Tamil Nadu","Thiruvarur","2012-11-03",2012,11,0.0,"IMD GRID MODEL"
"Tamil Nadu","Thiruvarur","2012-11-05",2012,11,0.0,"IMD GRID MODEL"
"Tamil Nadu","Thiruvarur","2012-11-04",2012,11,0.0,"IMD GRID MODEL"
"Tamil Nadu","Thiruvarur","2012-11-06",2012,11,0.0,"IMD GRID MODEL"
"Tamil Nadu","Thiruvarur","2012-11-07",2012,11,0.0,"IMD GRID MODEL"
"Tamil Nadu","Thiruvarur","2012-11-08",2012,11,0.0,"IMD GRID MODEL"
"Tamil Nadu","Thiruvarur","2012-11-09",2012,11,0.0,"IMD GRID MODEL"
"Tamil Nadu","Thiruvarur","2012-11-10",2012,11,0.0,"IMD GRID MODEL"
"Tamil Nadu","Thiruvarur","2012-11-11",2012,11,0.0,"IMD GRID MODEL"
"Tamil Nadu","Thiruvarur","2012-11-12",2012,11,0.0,"IMD GRID MODEL"
"Tamil Nadu","Thiruvarur","2012-11-13",2012,11,0.0,"IMD GRID MODEL"
"Tamil Nadu","Thiruvarur","2012-11-14",2012,11,0.0,"IMD GRID MODEL"
"Tamil Nadu","Thiruvarur","2012-11-15",2012,11,0.0,"IMD GRID MODEL"
"Tamil Nadu","Thiruvarur","2012-11-16",2012,11,0.0,"IMD GRID MODEL"
"Tamil Nadu","Thiruvarur","2012-11-17",2012,11,0.0,"IMD GRID MODEL"
"Tamil Nadu","Thiruvarur","2012-11-18",2012,11,0.0,"IMD GRID MODEL"
"Tamil Nadu","Thiruvarur","2012-11-19",2012,11,0.0,"IMD GRID MODEL"
"Tamil Nadu","Thiruvarur","2012-11-20",2012,11,0.0,"IMD GRID MODEL"
"Tamil Nadu","Thiruvarur","2012-11-21",2012,11,0.0,"IMD GRID MODEL"
"Tamil Nadu","Thiruvarur","2012-11-22",2012,11,0.0,"IMD GRID MODEL"
"Tamil Nadu","Thiruvarur","2012-11-23",2012,11,0.0,"IMD GRID MODEL"
"Tamil Nadu","Thiruvarur","2012-11-24",2012,11,0.0,"IMD GRID MODEL"
"Tamil Nadu","Thiruvarur","2012-11-25",2012,11,0.0,"IMD GRID MODEL"
"Tamil Nadu","Thiruvarur","2012-11-26",2012,11,0.0,"IMD GRID MODEL"
"Tamil Nadu","Thiruvarur","2012-11-27",2012,11,0.0,"IMD GRID MODEL"
"Tamil Nadu","Thiruvarur","2012-11-28",2012,11,0.0,"IMD GRID MODEL"
"Tamil Nadu","Thiruvarur","2012-11-29",2012,11,0.0,"IMD GRID MODEL"
"Tamil Nadu","Thiruvarur","2012-11-30",2012,11,0.0,"IMD GRID MODEL"
"Tamil Nadu","Thiruvarur","2012-11-02",2012,11,0.0,"IMD GRID MODEL"
"Tamil Nadu","Thiruvarur","2012-10-01",2012,10,0.0,"IMD GRID MODEL"
"Tamil Nadu","Thiruvarur","2012-10-02",2012,10,0.0,"IMD GRID MODEL"
"Tamil Nadu","Thiruvarur","2012-10-03",2012,10,0.0,"IMD GRID MODEL"
"Tamil Nadu","Thiruvarur","2012-10-04",2012,10,0.0,"IMD GRID MODEL"
"Tamil Nadu","Thiruvarur","2012-10-05",2012,10,0.0,"IMD GRID MODEL"
"Tamil Nadu","Thiruvarur","2012-10-06",2012,10,0.0,"IMD GRID MODEL"
"Tamil Nadu","Thiruvarur","2012-10-07",2012,10,0.0,"IMD GRID MODEL"
"Tamil Nadu","Thiruvarur","2012-10-08",2012,10,0.0,"IMD GRID MODEL"
"Tamil Nadu","Thiruvarur","2012-10-09",2012,10,0.0,"IMD GRID MODEL"
"Tamil Nadu","Thiruvarur","2012-10-10",2012,10,0.0,"IMD GRID MODEL"
"Tamil Nadu","Thiruvarur","2012-10-11",2012,10,0.0,"IMD GRID MODEL"
"Tamil Nadu","Thiruvarur","2012-10-12",2012,10,0.0,"IMD GRID MODEL"
"Tamil Nadu","Thiruvarur","2012-10-13",2012,10,0.0,"IMD GRID MODEL"
"Tamil Nadu","Thiruvarur","2012-10-14",2012,10,0.0,"IMD GRID MODEL"
"Tamil Nadu","Thiruvarur","2012-10-15",2012,10,0.0,"IMD GRID MODEL"
"Tamil Nadu","Thiruvarur","2012-10-16",2012,10,0.0,"IMD GRID MODEL"
"Tamil Nadu","Thiruvarur","2012-10-17",2012,10,0.0,"IMD GRID MODEL"
"Tamil Nadu","Thiruvarur","2012-10-18",2012,10,0.0,"IMD GRID MODEL"
"Tamil Nadu","Thiruvarur","2012-10-19",2012,10,0.0,"IMD GRID MODEL"
"Tamil Nadu","Thiruvarur","2012-10-20",2012,10,0.0,"IMD GRID MODEL"
"Tamil Nadu","Thiruvarur","2012-10-21",2012,10,0.0,"IMD GRID MODEL"
"Tamil Nadu","Thiruvarur","2012-10-22",2012,10,0.0,"IMD GRID MODEL"
"Tamil Nadu","Thiruvarur","2012-10-23",2012,10,0.0,"IMD GRID MODEL"
"Tamil Nadu","Thiruvarur","2012-10-24",2012,10,0.0,"IMD GRID MODEL"
"Tamil Nadu","Thiruvarur","2012-10-25",2012,10,0.0,"IMD GRID MODEL"
"Tamil Nadu","Thiruvarur","2012-10-26",2012,10,0.0,"IMD GRID MODEL"
"Tamil Nadu","Thiruvarur","2012-10-27",2012,10,0.0,"IMD GRID MODEL"
"Tamil Nadu","Thiruvarur","2012-10-28",2012,10,0.0,"IMD GRID MODEL"
"Tamil Nadu","Thiruvarur","2012-10-29",2012,10,0.0,"IMD GRID MODEL"
"Tamil Nadu","Thiruvarur","2012-10-30",2012,10,0.0,"IMD GRID MODEL"
"Tamil Nadu","Thiruvarur","2012-10-31",2012,10,0.0,"IMD GRID MODEL"
"Tamil Nadu","Thiruvarur","2012-09-02",2012,9,0.0,"IMD GRID MODEL"
"Tamil Nadu","Thiruvarur","2012-09-03",2012,9,0.0,"IMD GRID MODEL"
"Tamil Nadu","Thiruvarur","2012-09-05",2012,9,0.0,"IMD GRID MODEL"
"Tamil Nadu","Thiruvarur","2012-09-04",2012,9,0.0,"IMD GRID MODEL"
"Tamil Nadu","Thiruvarur","2012-09-07",2012,9,0.0,"IMD GRID MODEL"
"Tamil Nadu","Thiruvarur","2012-09-06",2012,9,0.0,"IMD GRID MODEL"
"Tamil Nadu","Thiruvarur","2012-09-08",2012,9,0.0,"IMD GRID MODEL"
"Tamil Nadu","Thiruvarur","2012-09-09",2012,9,0.0,"IMD GRID MODEL"
"Tamil Nadu","Thiruvarur","2012-09-10",2012,9,0.0,"IMD GRID MODEL"
"Tamil Nadu","Thiruvarur","2012-09-11",2012,9,0.0,"IMD GRID MODEL"
"Tamil Nadu","Thiruvarur","2012-09-12",2012,9,0.0,"IMD GRID MODEL"
"Tamil Nadu","Thiruvarur","2012-09-13",2012,9,0.0,"IMD GRID MODEL"
"Tamil Nadu","Thiruvarur","2012-09-14",2012,9,0.0,"IMD GRID MODEL"
"Tamil Nadu","Thiruvarur","2012-09-15",2012,9,0.0,"IMD GRID MODEL"
"Tamil Nadu","Thiruvarur","2012-09-16",2012,9,0.0,"IMD GRID MODEL"
"Tamil Nadu","Thiruvarur","2012-09-17",2012,9,0.0,"IMD GRID MODEL"
"Tamil Nadu","Thiruvarur","2012-09-18",2012,9,0.0,"IMD GRID MODEL"
"Tamil Nadu","Thiruvarur","2012-09-19",2012,9,0.0,"IMD GRID MODEL"
"Tamil Nadu","Thiruvarur","2012-09-20",2012,9,0.0,"IMD GRID MODEL"
"Tamil Nadu","Thiruvarur","2012-09-21",2012,9,0.0,"IMD GRID MODEL"
"Tamil Nadu","Thiruvarur","2012-09-22",2012,9,0.0,"IMD GRID MODEL"
"Tamil Nadu","Thiruvarur","2012-09-23",2012,9,0.0,"IMD GRID MODEL"
"Tamil Nadu","Thiruvarur","2012-09-24",2012,9,0.0,"IMD GRID MODEL"
"Tamil Nadu","Thiruvarur","2012-09-25",2012,9,0.0,"IMD GRID MODEL"
"Tamil Nadu","Thiruvarur","2012-09-26",2012,9,0.0,"IMD GRID MODEL"
"Tamil Nadu","Thiruvarur","2012-09-27",2012,9,0.0,"IMD GRID MODEL"
"Tamil Nadu","Thiruvarur","2012-09-28",2012,9,0.0,"IMD GRID MODEL"
"Tamil Nadu","Thiruvarur","2012-09-29",2012,9,0.0,"IMD GRID MODEL"
"Tamil Nadu","Thiruvarur","2012-09-30",2012,9,0.0,"IMD GRID MODEL"
"Tamil Nadu","Thiruvarur","2012-09-01",2012,9,0.0,"IMD GRID MODEL"
"Tamil Nadu","Thiruvarur","2013-04-01",2013,4,0.0,"IMD GRID MODEL"
"Tamil Nadu","Thiruvarur","2013-04-02",2013,4,0.0,"IMD GRID MODEL"
"Tamil Nadu","Thiruvarur","2013-04-04",2013,4,0.0,"IMD GRID MODEL"
"Tamil Nadu","Thiruvarur","2013-04-05",2013,4,0.0,"IMD GRID MODEL"
"Tamil Nadu","Thiruvarur","2013-04-06",2013,4,0.0,"IMD GRID MODEL"
"Tamil Nadu","Thiruvarur","2013-04-07",2013,4,0.0,"IMD GRID MODEL"
"Tamil Nadu","Thiruvarur","2013-04-08",2013,4,0.0,"IMD GRID MODEL"
"Tamil Nadu","Thiruvarur","2013-04-09",2013,4,0.0,"IMD GRID MODEL"
"Tamil Nadu","Thiruvarur","2013-04-10",2013,4,0.0,"IMD GRID MODEL"
"Tamil Nadu","Thiruvarur","2013-04-11",2013,4,0.0,"IMD GRID MODEL"
"Tamil Nadu","Thiruvarur","2013-04-12",2013,4,0.0,"IMD GRID MODEL"
"Tamil Nadu","Thiruvarur","2013-04-13",2013,4,0.0,"IMD GRID MODEL"
"Tamil Nadu","Thiruvarur","2013-04-15",2013,4,0.0,"IMD GRID MODEL"
"Tamil Nadu","Thiruvarur","2013-04-14",2013,4,0.0,"IMD GRID MODEL"
"Tamil Nadu","Thiruvarur","2013-04-16",2013,4,0.0,"IMD GRID MODEL"
"Tamil Nadu","Thiruvarur","2013-04-17",2013,4,0.0,"IMD GRID MODEL"
"Tamil Nadu","Thiruvarur","2013-04-18",2013,4,0.0,"IMD GRID MODEL"
"Tamil Nadu","Thiruvarur","2013-04-19",2013,4,0.0,"IMD GRID MODEL"
"Tamil Nadu","Thiruvarur","2013-04-20",2013,4,0.0,"IMD GRID MODEL"
"Tamil Nadu","Thiruvarur","2013-04-21",2013,4,0.0,"IMD GRID MODEL"
"Tamil Nadu","Thiruvarur","2013-04-22",2013,4,0.0,"IMD GRID MODEL"
"Tamil Nadu","Thiruvarur","2013-04-23",2013,4,0.0,"IMD GRID MODEL"
"Tamil Nadu","Thiruvarur","2013-04-24",2013,4,0.0,"IMD GRID MODEL"
"Tamil Nadu","Thiruvarur","2013-04-25",2013,4,0.0,"IMD GRID MODEL"
"Tamil Nadu","Thiruvarur","2013-04-26",2013,4,0.0,"IMD GRID MODEL"
"Tamil Nadu","Thiruvarur","2013-04-27",2013,4,0.0,"IMD GRID MODEL"
"Tamil Nadu","Thiruvarur","2013-04-28",2013,4,0.0,"IMD GRID MODEL"
"Tamil Nadu","Thiruvarur","2013-04-29",2013,4,0.0,"IMD GRID MODEL"
"Tamil Nadu","Thiruvarur","2013-04-03",2013,4,0.0,"IMD GRID MODEL"
"Tamil Nadu","Thiruvarur","2013-04-30",2013,4,0.0,"IMD GRID MODEL"
"Tamil Nadu","Thiruvarur","2013-08-01",2013,8,0.0,"IMD GRID MODEL"
"Tamil Nadu","Thiruvarur","2013-08-03",2013,8,0.0,"IMD GRID MODEL"
"Tamil Nadu","Thiruvarur","2013-08-04",2013,8,0.0,"IMD GRID MODEL"
"Tamil Nadu","Thiruvarur","2013-08-05",2013,8,0.0,"IMD GRID MODEL"
"Tamil Nadu","Thiruvarur","2013-08-06",2013,8,0.0,"IMD GRID MODEL"
"Tamil Nadu","Thiruvarur","2013-08-07",2013,8,0.0,"IMD GRID MODEL"
"Tamil Nadu","Thiruvarur","2013-08-08",2013,8,0.0,"IMD GRID MODEL"
"Tamil Nadu","Thiruvarur","2013-08-09",2013,8,0.0,"IMD GRID MODEL"
"Tamil Nadu","Thiruvarur","2013-08-10",2013,8,0.0,"IMD GRID MODEL"
"Tamil Nadu","Thiruvarur","2013-08-11",2013,8,0.0,"IMD GRID MODEL"
"Tamil Nadu","Thiruvarur","2013-08-12",2013,8,0.0,"IMD GRID MODEL"
"Tamil Nadu","Thiruvarur","2013-08-13",2013,8,0.0,"IMD GRID MODEL"
"Tamil Nadu","Thiruvarur","2013-08-14",2013,8,0.0,"IMD GRID MODEL"
"Tamil Nadu","Thiruvarur","2013-08-15",2013,8,0.0,"IMD GRID MODEL"
"Tamil Nadu","Thiruvarur","2013-08-16",2013,8,0.0,"IMD GRID MODEL"
"Tamil Nadu","Thiruvarur","2013-08-17",2013,8,0.0,"IMD GRID MODEL"
"Tamil Nadu","Thiruvarur","2013-08-18",2013,8,0.0,"IMD GRID MODEL"
"Tamil Nadu","Thiruvarur","2013-08-19",2013,8,0.0,"IMD GRID MODEL"
"Tamil Nadu","Thiruvarur","2013-08-20",2013,8,0.0,"IMD GRID MODEL"
"Tamil Nadu","Thiruvarur","2013-08-21",2013,8,0.0,"IMD GRID MODEL"
"Tamil Nadu","Thiruvarur","2013-08-22",2013,8,0.0,"IMD GRID MODEL"
"Tamil Nadu","Thiruvarur","2013-08-23",2013,8,0.0,"IMD GRID MODEL"
"Tamil Nadu","Thiruvarur","2013-08-24",2013,8,0.0,"IMD GRID MODEL"
"Tamil Nadu","Thiruvarur","2013-08-25",2013,8,0.0,"IMD GRID MODEL"
"Tamil Nadu","Thiruvarur","2013-08-26",2013,8,0.0,"IMD GRID MODEL"
"Tamil Nadu","Thiruvarur","2013-08-27",2013,8,0.0,"IMD GRID MODEL"
"Tamil Nadu","Thiruvarur","2013-08-28",2013,8,0.0,"IMD GRID MODEL"
"Tamil Nadu","Thiruvarur","2013-08-02",2013,8,0.0,"IMD GRID MODEL"
"Tamil Nadu","Thiruvarur","2013-08-29",2013,8,0.0,"IMD GRID MODEL"
"Tamil Nadu","Thiruvarur","2013-08-30",2013,8,0.0,"IMD GRID MODEL"
"Tamil Nadu","Thiruvarur","2013-08-31",2013,8,0.0,"IMD GRID MODEL"
"Tamil Nadu","Thiruvarur","2013-12-01",2013,12,0.0,"IMD GRID MODEL"
"Tamil Nadu","Thiruvarur","2013-12-03",2013,12,0.0,"IMD GRID MODEL"
"Tamil Nadu","Thiruvarur","2013-12-04",2013,12,0.0,"IMD GRID MODEL"
"Tamil Nadu","Thiruvarur","2013-12-05",2013,12,0.0,"IMD GRID MODEL"
"Tamil Nadu","Thiruvarur","2013-12-06",2013,12,0.0,"IMD GRID MODEL"
"Tamil Nadu","Thiruvarur","2013-12-07",2013,12,0.0,"IMD GRID MODEL"
"Tamil Nadu","Thiruvarur","2013-12-08",2013,12,0.0,"IMD GRID MODEL"
"Tamil Nadu","Thiruvarur","2013-12-09",2013,12,0.0,"IMD GRID MODEL"
"Tamil Nadu","Thiruvarur","2013-12-10",2013,12,0.0,"IMD GRID MODEL"
"Tamil Nadu","Thiruvarur","2013-12-11",2013,12,0.0,"IMD GRID MODEL"
"Tamil Nadu","Thiruvarur","2013-12-12",2013,12,0.0,"IMD GRID MODEL"
"Tamil Nadu","Thiruvarur","2013-12-13",2013,12,0.0,"IMD GRID MODEL"
"Tamil Nadu","Thiruvarur","2013-12-14",2013,12,0.0,"IMD GRID MODEL"
"Tamil Nadu","Thiruvarur","2013-12-15",2013,12,0.0,"IMD GRID MODEL"
"Tamil Nadu","Thiruvarur","2013-12-16",2013,12,0.0,"IMD GRID MODEL"
"Tamil Nadu","Thiruvarur","2013-12-17",2013,12,0.0,"IMD GRID MODEL"
"Tamil Nadu","Thiruvarur","2013-12-18",2013,12,0.0,"IMD GRID MODEL"
"Tamil Nadu","Thiruvarur","2013-12-19",2013,12,0.0,"IMD GRID MODEL"
"Tamil Nadu","Thiruvarur","2013-12-20",2013,12,0.0,"IMD GRID MODEL"
"Tamil Nadu","Thiruvarur","2013-12-21",2013,12,0.0,"IMD GRID MODEL"
"Tamil Nadu","Thiruvarur","2013-12-22",2013,12,0.0,"IMD GRID MODEL"
"Tamil Nadu","Thiruvarur","2013-12-23",2013,12,0.0,"IMD GRID MODEL"
"Tamil Nadu","Thiruvarur","2013-12-24",2013,12,0.0,"IMD GRID MODEL"
"Tamil Nadu","Thiruvarur","2013-12-25",2013,12,0.0,"IMD GRID MODEL"
"Tamil Nadu","Thiruvarur","2013-12-26",2013,12,0.0,"IMD GRID MODEL"
"Tamil Nadu","Thiruvarur","2013-12-27",2013,12,0.0,"IMD GRID MODEL"
"Tamil Nadu","Thiruvarur","2013-12-28",2013,12,0.0,"IMD GRID MODEL"
"Tamil Nadu","Thiruvarur","2013-12-29",2013,12,0.0,"IMD GRID MODEL"
"Tamil Nadu","Thiruvarur","2013-12-30",2013,12,0.0,"IMD GRID MODEL"
"Tamil Nadu","Thiruvarur","2013-12-31",2013,12,0.0,"IMD GRID MODEL"
"Tamil Nadu","Thiruvarur","2013-12-02",2013,12,0.0,"IMD GRID MODEL"
"Tamil Nadu","Thiruvarur","2013-02-01",2013,2,0.0,"IMD GRID MODEL"
"Tamil Nadu","Thiruvarur","2013-02-02",2013,2,0.0,"IMD GRID MODEL"
"Tamil Nadu","Thiruvarur","2013-02-04",2013,2,0.0,"IMD GRID MODEL"
"Tamil Nadu","Thiruvarur","2013-02-03",2013,2,0.0,"IMD GRID MODEL"
"Tamil Nadu","Thiruvarur","2013-02-06",2013,2,0.0,"IMD GRID MODEL"
"Tamil Nadu","Thiruvarur","2013-02-05",2013,2,0.0,"IMD GRID MODEL"
"Tamil Nadu","Thiruvarur","2013-02-07",2013,2,0.0,"IMD GRID MODEL"
"Tamil Nadu","Thiruvarur","2013-02-09",2013,2,0.0,"IMD GRID MODEL"
"Tamil Nadu","Thiruvarur","2013-02-08",2013,2,0.0,"IMD GRID MODEL"
"Tamil Nadu","Thiruvarur","2013-02-10",2013,2,0.0,"IMD GRID MODEL"
"Tamil Nadu","Thiruvarur","2013-02-11",2013,2,0.0,"IMD GRID MODEL"
"Tamil Nadu","Thiruvarur","2013-02-12",2013,2,0.0,"IMD GRID MODEL"
"Tamil Nadu","Thiruvarur","2013-02-15",2013,2,0.0,"IMD GRID MODEL"
"Tamil Nadu","Thiruvarur","2013-02-14",2013,2,0.0,"IMD GRID MODEL"
"Tamil Nadu","Thiruvarur","2013-02-16",2013,2,0.0,"IMD GRID MODEL"
"Tamil Nadu","Thiruvarur","2013-02-17",2013,2,0.0,"IMD GRID MODEL"
"Tamil Nadu","Thiruvarur","2013-02-18",2013,2,0.0,"IMD GRID MODEL"
"Tamil Nadu","Thiruvarur","2013-02-19",2013,2,0.0,"IMD GRID MODEL"
"Tamil Nadu","Thiruvarur","2013-02-20",2013,2,0.0,"IMD GRID MODEL"
"Tamil Nadu","Thiruvarur","2013-02-22",2013,2,0.0,"IMD GRID MODEL"
"Tamil Nadu","Thiruvarur","2013-02-21",2013,2,0.0,"IMD GRID MODEL"
"Tamil Nadu","Thiruvarur","2013-02-23",2013,2,0.0,"IMD GRID MODEL"
"Tamil Nadu","Thiruvarur","2013-02-24",2013,2,0.0,"IMD GRID MODEL"
"Tamil Nadu","Thiruvarur","2013-02-25",2013,2,0.0,"IMD GRID MODEL"
"Tamil Nadu","Thiruvarur","2013-02-26",2013,2,0.0,"IMD GRID MODEL"
"Tamil Nadu","Thiruvarur","2013-02-27",2013,2,0.0,"IMD GRID MODEL"
"Tamil Nadu","Thiruvarur","2013-02-28",2013,2,0.0,"IMD GRID MODEL"
"Tamil Nadu","Thiruvarur","2013-02-13",2013,2,0.0,"IMD GRID MODEL"
"Tamil Nadu","Thiruvarur","2013-01-02",2013,1,0.0,"IMD GRID MODEL"
"Tamil Nadu","Thiruvarur","2013-01-04",2013,1,0.0,"IMD GRID MODEL"
"Tamil Nadu","Thiruvarur","2013-01-03",2013,1,0.0,"IMD GRID MODEL"
"Tamil Nadu","Thiruvarur","2013-01-05",2013,1,0.0,"IMD GRID MODEL"
"Tamil Nadu","Thiruvarur","2013-01-06",2013,1,0.0,"IMD GRID MODEL"
"Tamil Nadu","Thiruvarur","2013-01-07",2013,1,0.0,"IMD GRID MODEL"
"Tamil Nadu","Thiruvarur","2013-01-08",2013,1,0.0,"IMD GRID MODEL"
"Tamil Nadu","Thiruvarur","2013-01-09",2013,1,0.0,"IMD GRID MODEL"
"Tamil Nadu","Thiruvarur","2013-01-11",2013,1,0.0,"IMD GRID MODEL"
"Tamil Nadu","Thiruvarur","2013-01-10",2013,1,0.0,"IMD GRID MODEL"
"Tamil Nadu","Thiruvarur","2013-01-13",2013,1,0.0,"IMD GRID MODEL"
"Tamil Nadu","Thiruvarur","2013-01-12",2013,1,0.0,"IMD GRID MODEL"
"Tamil Nadu","Thiruvarur","2013-01-14",2013,1,0.0,"IMD GRID MODEL"
"Tamil Nadu","Thiruvarur","2013-01-15",2013,1,0.0,"IMD GRID MODEL"
"Tamil Nadu","Thiruvarur","2013-01-16",2013,1,0.0,"IMD GRID MODEL"
"Tamil Nadu","Thiruvarur","2013-01-18",2013,1,0.0,"IMD GRID MODEL"
"Tamil Nadu","Thiruvarur","2013-01-17",2013,1,0.0,"IMD GRID MODEL"
"Tamil Nadu","Thiruvarur","2013-01-19",2013,1,0.0,"IMD GRID MODEL"
"Tamil Nadu","Thiruvarur","2013-01-20",2013,1,0.0,"IMD GRID MODEL"
"Tamil Nadu","Thiruvarur","2013-01-01",2013,1,0.0,"IMD GRID MODEL"
"Tamil Nadu","Thiruvarur","2013-01-21",2013,1,0.0,"IMD GRID MODEL"
"Tamil Nadu","Thiruvarur","2013-01-23",2013,1,0.0,"IMD GRID MODEL"
"Tamil Nadu","Thiruvarur","2013-01-24",2013,1,0.0,"IMD GRID MODEL"
"Tamil Nadu","Thiruvarur","2013-01-25",2013,1,0.0,"IMD GRID MODEL"
"Tamil Nadu","Thiruvarur","2013-01-26",2013,1,0.0,"IMD GRID MODEL"
"Tamil Nadu","Thiruvarur","2013-01-27",2013,1,0.0,"IMD GRID MODEL"
"Tamil Nadu","Thiruvarur","2013-01-28",2013,1,0.0,"IMD GRID MODEL"
"Tamil Nadu","Thiruvarur","2013-01-29",2013,1,0.0,"IMD GRID MODEL"
"Tamil Nadu","Thiruvarur","2013-01-30",2013,1,0.0,"IMD GRID MODEL"
"Tamil Nadu","Thiruvarur","2013-01-31",2013,1,0.0,"IMD GRID MODEL"
"Tamil Nadu","Thiruvarur","2013-01-22",2013,1,0.0,"IMD GRID MODEL"
"Tamil Nadu","Thiruvarur","2013-07-02",2013,7,0.0,"IMD GRID MODEL"
"Tamil Nadu","Thiruvarur","2013-07-03",2013,7,0.0,"IMD GRID MODEL"
"Tamil Nadu","Thiruvarur","2013-07-04",2013,7,0.0,"IMD GRID MODEL"
"Tamil Nadu","Thiruvarur","2013-07-05",2013,7,0.0,"IMD GRID MODEL"
"Tamil Nadu","Thiruvarur","2013-07-06",2013,7,0.0,"IMD GRID MODEL"
"Tamil Nadu","Thiruvarur","2013-07-07",2013,7,0.0,"IMD GRID MODEL"
"Tamil Nadu","Thiruvarur","2013-07-08",2013,7,0.0,"IMD GRID MODEL"
"Tamil Nadu","Thiruvarur","2013-07-09",2013,7,0.0,"IMD GRID MODEL"
"Tamil Nadu","Thiruvarur","2013-07-10",2013,7,0.0,"IMD GRID MODEL"
"Tamil Nadu","Thiruvarur","2013-07-11",2013,7,0.0,"IMD GRID MODEL"
"Tamil Nadu","Thiruvarur","2013-07-12",2013,7,0.0,"IMD GRID MODEL"
"Tamil Nadu","Thiruvarur","2013-07-13",2013,7,0.0,"IMD GRID MODEL"
"Tamil Nadu","Thiruvarur","2013-07-14",2013,7,0.0,"IMD GRID MODEL"
"Tamil Nadu","Thiruvarur","2013-07-15",2013,7,0.0,"IMD GRID MODEL"
"Tamil Nadu","Thiruvarur","2013-07-16",2013,7,0.0,"IMD GRID MODEL"
"Tamil Nadu","Thiruvarur","2013-07-17",2013,7,0.0,"IMD GRID MODEL"
"Tamil Nadu","Thiruvarur","2013-07-18",2013,7,0.0,"IMD GRID MODEL"
"Tamil Nadu","Thiruvarur","2013-07-19",2013,7,0.0,"IMD GRID MODEL"
"Tamil Nadu","Thiruvarur","2013-07-20",2013,7,0.0,"IMD GRID MODEL"
"Tamil Nadu","Thiruvarur","2013-07-21",2013,7,0.0,"IMD GRID MODEL"
"Tamil Nadu","Thiruvarur","2013-07-22",2013,7,0.0,"IMD GRID MODEL"
"Tamil Nadu","Thiruvarur","2013-07-24",2013,7,0.0,"IMD GRID MODEL"
"Tamil Nadu","Thiruvarur","2013-07-23",2013,7,0.0,"IMD GRID MODEL"
"Tamil Nadu","Thiruvarur","2013-07-25",2013,7,0.0,"IMD GRID MODEL"
"Tamil Nadu","Thiruvarur","2013-07-26",2013,7,0.0,"IMD GRID MODEL"
"Tamil Nadu","Thiruvarur","2013-07-01",2013,7,0.0,"IMD GRID MODEL"
"Tamil Nadu","Thiruvarur","2013-07-27",2013,7,0.0,"IMD GRID MODEL"
"Tamil Nadu","Thiruvarur","2013-07-29",2013,7,0.0,"IMD GRID MODEL"
"Tamil Nadu","Thiruvarur","2013-07-30",2013,7,0.0,"IMD GRID MODEL"
"Tamil Nadu","Thiruvarur","2013-07-31",2013,7,0.0,"IMD GRID MODEL"
"Tamil Nadu","Thiruvarur","2013-07-28",2013,7,0.0,"IMD GRID MODEL"
"Tamil Nadu","Thiruvarur","2013-06-03",2013,6,0.0,"IMD GRID MODEL"
"Tamil Nadu","Thiruvarur","2013-06-02",2013,6,0.0,"IMD GRID MODEL"
"Tamil Nadu","Thiruvarur","2013-06-04",2013,6,0.0,"IMD GRID MODEL"
"Tamil Nadu","Thiruvarur","2013-06-05",2013,6,0.0,"IMD GRID MODEL"
"Tamil Nadu","Thiruvarur","2013-06-06",2013,6,0.0,"IMD GRID MODEL"
"Tamil Nadu","Thiruvarur","2013-06-07",2013,6,0.0,"IMD GRID MODEL"
"Tamil Nadu","Thiruvarur","2013-06-08",2013,6,0.0,"IMD GRID MODEL"
"Tamil Nadu","Thiruvarur","2013-06-09",2013,6,0.0,"IMD GRID MODEL"
"Tamil Nadu","Thiruvarur","2013-06-10",2013,6,0.0,"IMD GRID MODEL"
"Tamil Nadu","Thiruvarur","2013-06-11",2013,6,0.0,"IMD GRID MODEL"
"Tamil Nadu","Thiruvarur","2013-06-13",2013,6,0.0,"IMD GRID MODEL"
"Tamil Nadu","Thiruvarur","2013-06-12",2013,6,0.0,"IMD GRID MODEL"
"Tamil Nadu","Thiruvarur","2013-06-14",2013,6,0.0,"IMD GRID MODEL"
"Tamil Nadu","Thiruvarur","2013-06-15",2013,6,0.0,"IMD GRID MODEL"
"Tamil Nadu","Thiruvarur","2013-06-16",2013,6,0.0,"IMD GRID MODEL"
"Tamil Nadu","Thiruvarur","2013-06-17",2013,6,0.0,"IMD GRID MODEL"
"Tamil Nadu","Thiruvarur","2013-06-18",2013,6,0.0,"IMD GRID MODEL"
"Tamil Nadu","Thiruvarur","2013-06-19",2013,6,0.0,"IMD GRID MODEL"
"Tamil Nadu","Thiruvarur","2013-06-20",2013,6,0.0,"IMD GRID MODEL"
"Tamil Nadu","Thiruvarur","2013-06-01",2013,6,0.0,"IMD GRID MODEL"
"Tamil Nadu","Thiruvarur","2013-06-21",2013,6,0.0,"IMD GRID MODEL"
"Tamil Nadu","Thiruvarur","2013-06-22",2013,6,0.0,"IMD GRID MODEL"
"Tamil Nadu","Thiruvarur","2013-06-24",2013,6,0.0,"IMD GRID MODEL"
"Tamil Nadu","Thiruvarur","2013-06-25",2013,6,0.0,"IMD GRID MODEL"
"Tamil Nadu","Thiruvarur","2013-06-26",2013,6,0.0,"IMD GRID MODEL"
"Tamil Nadu","Thiruvarur","2013-06-28",2013,6,0.0,"IMD GRID MODEL"
"Tamil Nadu","Thiruvarur","2013-06-27",2013,6,0.0,"IMD GRID MODEL"
"Tamil Nadu","Thiruvarur","2013-06-29",2013,6,0.0,"IMD GRID MODEL"
"Tamil Nadu","Thiruvarur","2013-06-30",2013,6,0.0,"IMD GRID MODEL"
"Tamil Nadu","Thiruvarur","2013-06-23",2013,6,0.0,"IMD GRID MODEL"
"Tamil Nadu","Thiruvarur","2013-03-01",2013,3,0.0,"IMD GRID MODEL"
"Tamil Nadu","Thiruvarur","2013-03-02",2013,3,0.0,"IMD GRID MODEL"
"Tamil Nadu","Thiruvarur","2013-03-03",2013,3,0.0,"IMD GRID MODEL"
"Tamil Nadu","Thiruvarur","2013-03-04",2013,3,0.0,"IMD GRID MODEL"
"Tamil Nadu","Thiruvarur","2013-03-05",2013,3,0.0,"IMD GRID MODEL"
"Tamil Nadu","Thiruvarur","2013-03-06",2013,3,0.0,"IMD GRID MODEL"
"Tamil Nadu","Thiruvarur","2013-03-07",2013,3,0.0,"IMD GRID MODEL"
"Tamil Nadu","Thiruvarur","2013-03-08",2013,3,0.0,"IMD GRID MODEL"
"Tamil Nadu","Thiruvarur","2013-03-09",2013,3,0.0,"IMD GRID MODEL"
"Tamil Nadu","Thiruvarur","2013-03-10",2013,3,0.0,"IMD GRID MODEL"
"Tamil Nadu","Thiruvarur","2013-03-11",2013,3,0.0,"IMD GRID MODEL"
"Tamil Nadu","Thiruvarur","2013-03-12",2013,3,0.0,"IMD GRID MODEL"
"Tamil Nadu","Thiruvarur","2013-03-13",2013,3,0.0,"IMD GRID MODEL"
"Tamil Nadu","Thiruvarur","2013-03-14",2013,3,0.0,"IMD GRID MODEL"
"Tamil Nadu","Thiruvarur","2013-03-15",2013,3,0.0,"IMD GRID MODEL"
"Tamil Nadu","Thiruvarur","2013-03-16",2013,3,0.0,"IMD GRID MODEL"
"Tamil Nadu","Thiruvarur","2013-03-17",2013,3,0.0,"IMD GRID MODEL"
"Tamil Nadu","Thiruvarur","2013-03-18",2013,3,0.0,"IMD GRID MODEL"
"Tamil Nadu","Thiruvarur","2013-03-19",2013,3,0.0,"IMD GRID MODEL"
"Tamil Nadu","Thiruvarur","2013-03-20",2013,3,0.0,"IMD GRID MODEL"
"Tamil Nadu","Thiruvarur","2013-03-21",2013,3,0.0,"IMD GRID MODEL"
"Tamil Nadu","Thiruvarur","2013-03-22",2013,3,0.0,"IMD GRID MODEL"
"Tamil Nadu","Thiruvarur","2013-03-23",2013,3,0.0,"IMD GRID MODEL"
"Tamil Nadu","Thiruvarur","2013-03-24",2013,3,0.0,"IMD GRID MODEL"
"Tamil Nadu","Thiruvarur","2013-03-25",2013,3,0.0,"IMD GRID MODEL"
"Tamil Nadu","Thiruvarur","2013-03-26",2013,3,0.0,"IMD GRID MODEL"
"Tamil Nadu","Thiruvarur","2013-03-27",2013,3,0.0,"IMD GRID MODEL"
"Tamil Nadu","Thiruvarur","2013-03-28",2013,3,0.0,"IMD GRID MODEL"
"Tamil Nadu","Thiruvarur","2013-03-29",2013,3,0.0,"IMD GRID MODEL"
"Tamil Nadu","Thiruvarur","2013-03-30",2013,3,0.0,"IMD GRID MODEL"
"Tamil Nadu","Thiruvarur","2013-03-31",2013,3,0.0,"IMD GRID MODEL"
"Tamil Nadu","Thiruvarur","2013-05-01",2013,5,0.0,"IMD GRID MODEL"
"Tamil Nadu","Thiruvarur","2013-05-04",2013,5,0.0,"IMD GRID MODEL"
"Tamil Nadu","Thiruvarur","2013-05-02",2013,5,0.0,"IMD GRID MODEL"
"Tamil Nadu","Thiruvarur","2013-05-05",2013,5,0.0,"IMD GRID MODEL"
"Tamil Nadu","Thiruvarur","2013-05-06",2013,5,0.0,"IMD GRID MODEL"
"Tamil Nadu","Thiruvarur","2013-05-07",2013,5,0.0,"IMD GRID MODEL"
"Tamil Nadu","Thiruvarur","2013-05-08",2013,5,0.0,"IMD GRID MODEL"
"Tamil Nadu","Thiruvarur","2013-05-09",2013,5,0.0,"IMD GRID MODEL"
"Tamil Nadu","Thiruvarur","2013-05-10",2013,5,0.0,"IMD GRID MODEL"
"Tamil Nadu","Thiruvarur","2013-05-11",2013,5,0.0,"IMD GRID MODEL"
"Tamil Nadu","Thiruvarur","2013-05-12",2013,5,0.0,"IMD GRID MODEL"
"Tamil Nadu","Thiruvarur","2013-05-14",2013,5,0.0,"IMD GRID MODEL"
"Tamil Nadu","Thiruvarur","2013-05-13",2013,5,0.0,"IMD GRID MODEL"
"Tamil Nadu","Thiruvarur","2013-05-15",2013,5,0.0,"IMD GRID MODEL"
"Tamil Nadu","Thiruvarur","2013-05-16",2013,5,0.0,"IMD GRID MODEL"
"Tamil Nadu","Thiruvarur","2013-05-17",2013,5,0.0,"IMD GRID MODEL"
"Tamil Nadu","Thiruvarur","2013-05-18",2013,5,0.0,"IMD GRID MODEL"
"Tamil Nadu","Thiruvarur","2013-05-19",2013,5,0.0,"IMD GRID MODEL"
"Tamil Nadu","Thiruvarur","2013-05-20",2013,5,0.0,"IMD GRID MODEL"
"Tamil Nadu","Thiruvarur","2013-05-03",2013,5,0.0,"IMD GRID MODEL"
"Tamil Nadu","Thiruvarur","2013-05-21",2013,5,0.0,"IMD GRID MODEL"
"Tamil Nadu","Thiruvarur","2013-05-22",2013,5,0.0,"IMD GRID MODEL"
"Tamil Nadu","Thiruvarur","2013-05-23",2013,5,0.0,"IMD GRID MODEL"
"Tamil Nadu","Thiruvarur","2013-05-25",2013,5,0.0,"IMD GRID MODEL"
"Tamil Nadu","Thiruvarur","2013-05-26",2013,5,0.0,"IMD GRID MODEL"
"Tamil Nadu","Thiruvarur","2013-05-28",2013,5,0.0,"IMD GRID MODEL"
"Tamil Nadu","Thiruvarur","2013-05-27",2013,5,0.0,"IMD GRID MODEL"
"Tamil Nadu","Thiruvarur","2013-05-29",2013,5,0.0,"IMD GRID MODEL"
"Tamil Nadu","Thiruvarur","2013-05-30",2013,5,0.0,"IMD GRID MODEL"
"Tamil Nadu","Thiruvarur","2013-05-31",2013,5,0.0,"IMD GRID MODEL"
"Tamil Nadu","Thiruvarur","2013-05-24",2013,5,0.0,"IMD GRID MODEL"
"Tamil Nadu","Thiruvarur","2013-11-01",2013,11,0.0,"IMD GRID MODEL"
"Tamil Nadu","Thiruvarur","2013-11-02",2013,11,0.0,"IMD GRID MODEL"
"Tamil Nadu","Thiruvarur","2013-11-03",2013,11,0.0,"IMD GRID MODEL"
"Tamil Nadu","Thiruvarur","2013-11-04",2013,11,0.0,"IMD GRID MODEL"
"Tamil Nadu","Thiruvarur","2013-11-05",2013,11,0.0,"IMD GRID MODEL"
"Tamil Nadu","Thiruvarur","2013-11-06",2013,11,0.0,"IMD GRID MODEL"
"Tamil Nadu","Thiruvarur","2013-11-07",2013,11,0.0,"IMD GRID MODEL"
"Tamil Nadu","Thiruvarur","2013-11-08",2013,11,0.0,"IMD GRID MODEL"
"Tamil Nadu","Thiruvarur","2013-11-09",2013,11,0.0,"IMD GRID MODEL"
"Tamil Nadu","Thiruvarur","2013-11-10",2013,11,0.0,"IMD GRID MODEL"
"Tamil Nadu","Thiruvarur","2013-11-11",2013,11,0.0,"IMD GRID MODEL"
"Tamil Nadu","Thiruvarur","2013-11-12",2013,11,0.0,"IMD GRID MODEL"
"Tamil Nadu","Thiruvarur","2013-11-13",2013,11,0.0,"IMD GRID MODEL"
"Tamil Nadu","Thiruvarur","2013-11-14",2013,11,0.0,"IMD GRID MODEL"
"Tamil Nadu","Thiruvarur","2013-11-15",2013,11,0.0,"IMD GRID MODEL"
"Tamil Nadu","Thiruvarur","2013-11-16",2013,11,0.0,"IMD GRID MODEL"
"Tamil Nadu","Thiruvarur","2013-11-17",2013,11,0.0,"IMD GRID MODEL"
"Tamil Nadu","Thiruvarur","2013-11-18",2013,11,0.0,"IMD GRID MODEL"
"Tamil Nadu","Thiruvarur","2013-11-19",2013,11,0.0,"IMD GRID MODEL"
"Tamil Nadu","Thiruvarur","2013-11-20",2013,11,0.0,"IMD GRID MODEL"
"Tamil Nadu","Thiruvarur","2013-11-21",2013,11,0.0,"IMD GRID MODEL"
"Tamil Nadu","Thiruvarur","2013-11-22",2013,11,0.0,"IMD GRID MODEL"
"Tamil Nadu","Thiruvarur","2013-11-23",2013,11,0.0,"IMD GRID MODEL"
"Tamil Nadu","Thiruvarur","2013-11-24",2013,11,0.0,"IMD GRID MODEL"
"Tamil Nadu","Thiruvarur","2013-11-25",2013,11,0.0,"IMD GRID MODEL"
"Tamil Nadu","Thiruvarur","2013-11-26",2013,11,0.0,"IMD GRID MODEL"
"Tamil Nadu","Thiruvarur","2013-11-27",2013,11,0.0,"IMD GRID MODEL"
"Tamil Nadu","Thiruvarur","2013-11-28",2013,11,0.0,"IMD GRID MODEL"
"Tamil Nadu","Thiruvarur","2013-11-29",2013,11,0.0,"IMD GRID MODEL"
"Tamil Nadu","Thiruvarur","2013-11-30",2013,11,0.0,"IMD GRID MODEL"
"Tamil Nadu","Thiruvarur","2013-10-02",2013,10,0.0,"IMD GRID MODEL"
"Tamil Nadu","Thiruvarur","2013-10-01",2013,10,0.0,"IMD GRID MODEL"
"Tamil Nadu","Thiruvarur","2013-10-04",2013,10,0.0,"IMD GRID MODEL"
"Tamil Nadu","Thiruvarur","2013-10-05",2013,10,0.0,"IMD GRID MODEL"
"Tamil Nadu","Thiruvarur","2013-10-06",2013,10,0.0,"IMD GRID MODEL"
"Tamil Nadu","Thiruvarur","2013-10-07",2013,10,0.0,"IMD GRID MODEL"
"Tamil Nadu","Thiruvarur","2013-10-08",2013,10,0.0,"IMD GRID MODEL"
"Tamil Nadu","Thiruvarur","2013-10-09",2013,10,0.0,"IMD GRID MODEL"
"Tamil Nadu","Thiruvarur","2013-10-10",2013,10,0.0,"IMD GRID MODEL"
"Tamil Nadu","Thiruvarur","2013-10-11",2013,10,0.0,"IMD GRID MODEL"
"Tamil Nadu","Thiruvarur","2013-10-12",2013,10,0.0,"IMD GRID MODEL"
"Tamil Nadu","Thiruvarur","2013-10-13",2013,10,0.0,"IMD GRID MODEL"
"Tamil Nadu","Thiruvarur","2013-10-14",2013,10,0.0,"IMD GRID MODEL"
"Tamil Nadu","Thiruvarur","2013-10-15",2013,10,0.0,"IMD GRID MODEL"
"Tamil Nadu","Thiruvarur","2013-10-17",2013,10,0.0,"IMD GRID MODEL"
"Tamil Nadu","Thiruvarur","2013-10-16",2013,10,0.0,"IMD GRID MODEL"
"Tamil Nadu","Thiruvarur","2013-10-18",2013,10,0.0,"IMD GRID MODEL"
"Tamil Nadu","Thiruvarur","2013-10-19",2013,10,0.0,"IMD GRID MODEL"
"Tamil Nadu","Thiruvarur","2013-10-21",2013,10,0.0,"IMD GRID MODEL"
"Tamil Nadu","Thiruvarur","2013-10-20",2013,10,0.0,"IMD GRID MODEL"
"Tamil Nadu","Thiruvarur","2013-10-22",2013,10,0.0,"IMD GRID MODEL"
"Tamil Nadu","Thiruvarur","2013-10-23",2013,10,0.0,"IMD GRID MODEL"
"Tamil Nadu","Thiruvarur","2013-10-24",2013,10,0.0,"IMD GRID MODEL"
"Tamil Nadu","Thiruvarur","2013-10-25",2013,10,0.0,"IMD GRID MODEL"
"Tamil Nadu","Thiruvarur","2013-10-26",2013,10,0.0,"IMD GRID MODEL"
"Tamil Nadu","Thiruvarur","2013-10-03",2013,10,0.0,"IMD GRID MODEL"
"Tamil Nadu","Thiruvarur","2013-10-27",2013,10,0.0,"IMD GRID MODEL"
"Tamil Nadu","Thiruvarur","2013-10-28",2013,10,0.0,"IMD GRID MODEL"
"Tamil Nadu","Thiruvarur","2013-10-29",2013,10,0.0,"IMD GRID MODEL"
"Tamil Nadu","Thiruvarur","2013-10-30",2013,10,0.0,"IMD GRID MODEL"
"Tamil Nadu","Thiruvarur","2013-10-31",2013,10,0.0,"IMD GRID MODEL"
"Tamil Nadu","Thiruvarur","2013-09-02",2013,9,0.0,"IMD GRID MODEL"
"Tamil Nadu","Thiruvarur","2013-09-01",2013,9,0.0,"IMD GRID MODEL"
"Tamil Nadu","Thiruvarur","2013-09-04",2013,9,0.0,"IMD GRID MODEL"
"Tamil Nadu","Thiruvarur","2013-09-05",2013,9,0.0,"IMD GRID MODEL"
"Tamil Nadu","Thiruvarur","2013-09-06",2013,9,0.0,"IMD GRID MODEL"
"Tamil Nadu","Thiruvarur","2013-09-08",2013,9,0.0,"IMD GRID MODEL"
"Tamil Nadu","Thiruvarur","2013-09-07",2013,9,0.0,"IMD GRID MODEL"
"Tamil Nadu","Thiruvarur","2013-09-09",2013,9,0.0,"IMD GRID MODEL"
"Tamil Nadu","Thiruvarur","2013-09-10",2013,9,0.0,"IMD GRID MODEL"
"Tamil Nadu","Thiruvarur","2013-09-12",2013,9,0.0,"IMD GRID MODEL"
"Tamil Nadu","Thiruvarur","2013-09-11",2013,9,0.0,"IMD GRID MODEL"
"Tamil Nadu","Thiruvarur","2013-09-13",2013,9,0.0,"IMD GRID MODEL"
"Tamil Nadu","Thiruvarur","2013-09-14",2013,9,0.0,"IMD GRID MODEL"
"Tamil Nadu","Thiruvarur","2013-09-15",2013,9,0.0,"IMD GRID MODEL"
"Tamil Nadu","Thiruvarur","2013-09-16",2013,9,0.0,"IMD GRID MODEL"
"Tamil Nadu","Thiruvarur","2013-09-17",2013,9,0.0,"IMD GRID MODEL"
"Tamil Nadu","Thiruvarur","2013-09-18",2013,9,0.0,"IMD GRID MODEL"
"Tamil Nadu","Thiruvarur","2013-09-19",2013,9,0.0,"IMD GRID MODEL"
"Tamil Nadu","Thiruvarur","2013-09-20",2013,9,0.0,"IMD GRID MODEL"
"Tamil Nadu","Thiruvarur","2013-09-21",2013,9,0.0,"IMD GRID MODEL"
"Tamil Nadu","Thiruvarur","2013-09-23",2013,9,0.0,"IMD GRID MODEL"
"Tamil Nadu","Thiruvarur","2013-09-22",2013,9,0.0,"IMD GRID MODEL"
"Tamil Nadu","Thiruvarur","2013-09-24",2013,9,0.0,"IMD GRID MODEL"
"Tamil Nadu","Thiruvarur","2013-09-25",2013,9,0.0,"IMD GRID MODEL"
"Tamil Nadu","Thiruvarur","2013-09-26",2013,9,0.0,"IMD GRID MODEL"
"Tamil Nadu","Thiruvarur","2013-09-27",2013,9,0.0,"IMD GRID MODEL"
"Tamil Nadu","Thiruvarur","2013-09-28",2013,9,0.0,"IMD GRID MODEL"
"Tamil Nadu","Thiruvarur","2013-09-29",2013,9,0.0,"IMD GRID MODEL"
"Tamil Nadu","Thiruvarur","2013-09-30",2013,9,0.0,"IMD GRID MODEL"
"Tamil Nadu","Thiruvarur","2013-09-03",2013,9,0.0,"IMD GRID MODEL"
"Tamil Nadu","Thiruvarur","2014-04-02",2014,4,0.0,"IMD GRID MODEL"
"Tamil Nadu","Thiruvarur","2014-04-03",2014,4,0.0,"IMD GRID MODEL"
"Tamil Nadu","Thiruvarur","2014-04-04",2014,4,0.0,"IMD GRID MODEL"
"Tamil Nadu","Thiruvarur","2014-04-05",2014,4,0.0,"IMD GRID MODEL"
"Tamil Nadu","Thiruvarur","2014-04-06",2014,4,0.0,"IMD GRID MODEL"
"Tamil Nadu","Thiruvarur","2014-04-07",2014,4,0.0,"IMD GRID MODEL"
"Tamil Nadu","Thiruvarur","2014-04-08",2014,4,0.0,"IMD GRID MODEL"
"Tamil Nadu","Thiruvarur","2014-04-09",2014,4,0.0,"IMD GRID MODEL"
"Tamil Nadu","Thiruvarur","2014-04-11",2014,4,0.0,"IMD GRID MODEL"
"Tamil Nadu","Thiruvarur","2014-04-10",2014,4,0.0,"IMD GRID MODEL"
"Tamil Nadu","Thiruvarur","2014-04-12",2014,4,0.0,"IMD GRID MODEL"
"Tamil Nadu","Thiruvarur","2014-04-13",2014,4,0.0,"IMD GRID MODEL"
"Tamil Nadu","Thiruvarur","2014-04-14",2014,4,0.0,"IMD GRID MODEL"
"Tamil Nadu","Thiruvarur","2014-04-15",2014,4,0.0,"IMD GRID MODEL"
"Tamil Nadu","Thiruvarur","2014-04-16",2014,4,0.0,"IMD GRID MODEL"
"Tamil Nadu","Thiruvarur","2014-04-17",2014,4,0.0,"IMD GRID MODEL"
"Tamil Nadu","Thiruvarur","2014-04-18",2014,4,0.0,"IMD GRID MODEL"
"Tamil Nadu","Thiruvarur","2014-04-01",2014,4,0.0,"IMD GRID MODEL"
"Tamil Nadu","Thiruvarur","2014-04-19",2014,4,0.0,"IMD GRID MODEL"
"Tamil Nadu","Thiruvarur","2014-04-20",2014,4,0.0,"IMD GRID MODEL"
"Tamil Nadu","Thiruvarur","2014-04-21",2014,4,0.0,"IMD GRID MODEL"
"Tamil Nadu","Thiruvarur","2014-04-23",2014,4,0.0,"IMD GRID MODEL"
"Tamil Nadu","Thiruvarur","2014-04-24",2014,4,0.0,"IMD GRID MODEL"
"Tamil Nadu","Thiruvarur","2014-04-26",2014,4,0.0,"IMD GRID MODEL"
"Tamil Nadu","Thiruvarur","2014-04-25",2014,4,0.0,"IMD GRID MODEL"
"Tamil Nadu","Thiruvarur","2014-04-27",2014,4,0.0,"IMD GRID MODEL"
"Tamil Nadu","Thiruvarur","2014-04-28",2014,4,0.0,"IMD GRID MODEL"
"Tamil Nadu","Thiruvarur","2014-04-29",2014,4,0.0,"IMD GRID MODEL"
"Tamil Nadu","Thiruvarur","2014-04-30",2014,4,0.0,"IMD GRID MODEL"
"Tamil Nadu","Thiruvarur","2014-04-22",2014,4,0.0,"IMD GRID MODEL"
"Tamil Nadu","Thiruvarur","2014-08-03",2014,8,0.0,"IMD GRID MODEL"
"Tamil Nadu","Thiruvarur","2014-08-01",2014,8,0.0,"IMD GRID MODEL"
"Tamil Nadu","Thiruvarur","2014-08-04",2014,8,0.0,"IMD GRID MODEL"
"Tamil Nadu","Thiruvarur","2014-08-05",2014,8,0.0,"IMD GRID MODEL"
"Tamil Nadu","Thiruvarur","2014-08-06",2014,8,0.0,"IMD GRID MODEL"
"Tamil Nadu","Thiruvarur","2014-08-07",2014,8,0.0,"IMD GRID MODEL"
"Tamil Nadu","Thiruvarur","2014-08-08",2014,8,0.0,"IMD GRID MODEL"
"Tamil Nadu","Thiruvarur","2014-08-09",2014,8,0.0,"IMD GRID MODEL"
"Tamil Nadu","Thiruvarur","2014-08-10",2014,8,0.0,"IMD GRID MODEL"
"Tamil Nadu","Thiruvarur","2014-08-11",2014,8,0.0,"IMD GRID MODEL"
"Tamil Nadu","Thiruvarur","2014-08-12",2014,8,0.0,"IMD GRID MODEL"
"Tamil Nadu","Thiruvarur","2014-08-13",2014,8,0.0,"IMD GRID MODEL"
"Tamil Nadu","Thiruvarur","2014-08-14",2014,8,0.0,"IMD GRID MODEL"
"Tamil Nadu","Thiruvarur","2014-08-15",2014,8,0.0,"IMD GRID MODEL"
"Tamil Nadu","Thiruvarur","2014-08-16",2014,8,0.0,"IMD GRID MODEL"
"Tamil Nadu","Thiruvarur","2014-08-17",2014,8,0.0,"IMD GRID MODEL"
"Tamil Nadu","Thiruvarur","2014-08-18",2014,8,0.0,"IMD GRID MODEL"
"Tamil Nadu","Thiruvarur","2014-08-19",2014,8,0.0,"IMD GRID MODEL"
"Tamil Nadu","Thiruvarur","2014-08-21",2014,8,0.0,"IMD GRID MODEL"
"Tamil Nadu","Thiruvarur","2014-08-20",2014,8,0.0,"IMD GRID MODEL"
"Tamil Nadu","Thiruvarur","2014-08-22",2014,8,0.0,"IMD GRID MODEL"
"Tamil Nadu","Thiruvarur","2014-08-23",2014,8,0.0,"IMD GRID MODEL"
"Tamil Nadu","Thiruvarur","2014-08-24",2014,8,0.0,"IMD GRID MODEL"
"Tamil Nadu","Thiruvarur","2014-08-25",2014,8,0.0,"IMD GRID MODEL"
"Tamil Nadu","Thiruvarur","2014-08-26",2014,8,0.0,"IMD GRID MODEL"
"Tamil Nadu","Thiruvarur","2014-08-27",2014,8,0.0,"IMD GRID MODEL"
"Tamil Nadu","Thiruvarur","2014-08-28",2014,8,0.0,"IMD GRID MODEL"
"Tamil Nadu","Thiruvarur","2014-08-29",2014,8,0.0,"IMD GRID MODEL"
"Tamil Nadu","Thiruvarur","2014-08-30",2014,8,0.0,"IMD GRID MODEL"
"Tamil Nadu","Thiruvarur","2014-08-31",2014,8,0.0,"IMD GRID MODEL"
"Tamil Nadu","Thiruvarur","2014-08-02",2014,8,0.0,"IMD GRID MODEL"
"Tamil Nadu","Thiruvarur","2014-12-02",2014,12,0.0,"IMD GRID MODEL"
"Tamil Nadu","Thiruvarur","2014-12-03",2014,12,0.0,"IMD GRID MODEL"
"Tamil Nadu","Thiruvarur","2014-12-05",2014,12,0.0,"IMD GRID MODEL"
"Tamil Nadu","Thiruvarur","2014-12-04",2014,12,0.0,"IMD GRID MODEL"
"Tamil Nadu","Thiruvarur","2014-12-06",2014,12,0.0,"IMD GRID MODEL"
"Tamil Nadu","Thiruvarur","2014-12-07",2014,12,0.0,"IMD GRID MODEL"
"Tamil Nadu","Thiruvarur","2014-12-08",2014,12,0.0,"IMD GRID MODEL"
"Tamil Nadu","Thiruvarur","2014-12-09",2014,12,0.0,"IMD GRID MODEL"
"Tamil Nadu","Thiruvarur","2014-12-10",2014,12,0.0,"IMD GRID MODEL"
"Tamil Nadu","Thiruvarur","2014-12-11",2014,12,0.0,"IMD GRID MODEL"
"Tamil Nadu","Thiruvarur","2014-12-12",2014,12,0.0,"IMD GRID MODEL"
"Tamil Nadu","Thiruvarur","2014-12-13",2014,12,0.0,"IMD GRID MODEL"
"Tamil Nadu","Thiruvarur","2014-12-15",2014,12,0.0,"IMD GRID MODEL"
"Tamil Nadu","Thiruvarur","2014-12-14",2014,12,0.0,"IMD GRID MODEL"
"Tamil Nadu","Thiruvarur","2014-12-16",2014,12,0.0,"IMD GRID MODEL"
"Tamil Nadu","Thiruvarur","2014-12-17",2014,12,0.0,"IMD GRID MODEL"
"Tamil Nadu","Thiruvarur","2014-12-18",2014,12,0.0,"IMD GRID MODEL"
"Tamil Nadu","Thiruvarur","2014-12-19",2014,12,0.0,"IMD GRID MODEL"
"Tamil Nadu","Thiruvarur","2014-12-20",2014,12,0.0,"IMD GRID MODEL"
"Tamil Nadu","Thiruvarur","2014-12-21",2014,12,0.0,"IMD GRID MODEL"
"Tamil Nadu","Thiruvarur","2014-12-22",2014,12,0.0,"IMD GRID MODEL"
"Tamil Nadu","Thiruvarur","2014-12-23",2014,12,0.0,"IMD GRID MODEL"
"Tamil Nadu","Thiruvarur","2014-12-24",2014,12,0.0,"IMD GRID MODEL"
"Tamil Nadu","Thiruvarur","2014-12-25",2014,12,0.0,"IMD GRID MODEL"
"Tamil Nadu","Thiruvarur","2014-12-26",2014,12,0.0,"IMD GRID MODEL"
"Tamil Nadu","Thiruvarur","2014-12-27",2014,12,0.0,"IMD GRID MODEL"
"Tamil Nadu","Thiruvarur","2014-12-28",2014,12,0.0,"IMD GRID MODEL"
"Tamil Nadu","Thiruvarur","2014-12-29",2014,12,0.0,"IMD GRID MODEL"
"Tamil Nadu","Thiruvarur","2014-12-30",2014,12,0.0,"IMD GRID MODEL"
"Tamil Nadu","Thiruvarur","2014-12-31",2014,12,0.0,"IMD GRID MODEL"
"Tamil Nadu","Thiruvarur","2014-12-01",2014,12,0.0,"IMD GRID MODEL"
"Tamil Nadu","Thiruvarur","2014-02-02",2014,2,0.0,"IMD GRID MODEL"
"Tamil Nadu","Thiruvarur","2014-02-01",2014,2,0.0,"IMD GRID MODEL"
"Tamil Nadu","Thiruvarur","2014-02-04",2014,2,0.0,"IMD GRID MODEL"
"Tamil Nadu","Thiruvarur","2014-02-06",2014,2,0.0,"IMD GRID MODEL"
"Tamil Nadu","Thiruvarur","2014-02-05",2014,2,0.0,"IMD GRID MODEL"
"Tamil Nadu","Thiruvarur","2014-02-07",2014,2,0.0,"IMD GRID MODEL"
"Tamil Nadu","Thiruvarur","2014-02-08",2014,2,0.0,"IMD GRID MODEL"
"Tamil Nadu","Thiruvarur","2014-02-09",2014,2,0.0,"IMD GRID MODEL"
"Tamil Nadu","Thiruvarur","2014-02-10",2014,2,0.0,"IMD GRID MODEL"
"Tamil Nadu","Thiruvarur","2014-02-11",2014,2,0.0,"IMD GRID MODEL"
"Tamil Nadu","Thiruvarur","2014-02-12",2014,2,0.0,"IMD GRID MODEL"
"Tamil Nadu","Thiruvarur","2014-02-13",2014,2,0.0,"IMD GRID MODEL"
"Tamil Nadu","Thiruvarur","2014-02-14",2014,2,0.0,"IMD GRID MODEL"
"Tamil Nadu","Thiruvarur","2014-02-15",2014,2,0.0,"IMD GRID MODEL"
"Tamil Nadu","Thiruvarur","2014-02-16",2014,2,0.0,"IMD GRID MODEL"
"Tamil Nadu","Thiruvarur","2014-02-17",2014,2,0.0,"IMD GRID MODEL"
"Tamil Nadu","Thiruvarur","2014-02-18",2014,2,0.0,"IMD GRID MODEL"
"Tamil Nadu","Thiruvarur","2014-02-19",2014,2,0.0,"IMD GRID MODEL"
"Tamil Nadu","Thiruvarur","2014-02-20",2014,2,0.0,"IMD GRID MODEL"
"Tamil Nadu","Thiruvarur","2014-02-21",2014,2,0.0,"IMD GRID MODEL"
"Tamil Nadu","Thiruvarur","2014-02-22",2014,2,0.0,"IMD GRID MODEL"
"Tamil Nadu","Thiruvarur","2014-02-23",2014,2,0.0,"IMD GRID MODEL"
"Tamil Nadu","Thiruvarur","2014-02-24",2014,2,0.0,"IMD GRID MODEL"
"Tamil Nadu","Thiruvarur","2014-02-25",2014,2,0.0,"IMD GRID MODEL"
"Tamil Nadu","Thiruvarur","2014-02-26",2014,2,0.0,"IMD GRID MODEL"
"Tamil Nadu","Thiruvarur","2014-02-27",2014,2,0.0,"IMD GRID MODEL"
"Tamil Nadu","Thiruvarur","2014-02-28",2014,2,0.0,"IMD GRID MODEL"
"Tamil Nadu","Thiruvarur","2014-02-03",2014,2,0.0,"IMD GRID MODEL"
"Tamil Nadu","Thiruvarur","2014-01-03",2014,1,0.0,"IMD GRID MODEL"
"Tamil Nadu","Thiruvarur","2014-01-01",2014,1,0.0,"IMD GRID MODEL"
"Tamil Nadu","Thiruvarur","2014-01-04",2014,1,0.0,"IMD GRID MODEL"
"Tamil Nadu","Thiruvarur","2014-01-05",2014,1,0.0,"IMD GRID MODEL"
"Tamil Nadu","Thiruvarur","2014-01-06",2014,1,0.0,"IMD GRID MODEL"
"Tamil Nadu","Thiruvarur","2014-01-07",2014,1,0.0,"IMD GRID MODEL"
"Tamil Nadu","Thiruvarur","2014-01-08",2014,1,0.0,"IMD GRID MODEL"
"Tamil Nadu","Thiruvarur","2014-01-09",2014,1,0.0,"IMD GRID MODEL"
"Tamil Nadu","Thiruvarur","2014-01-10",2014,1,0.0,"IMD GRID MODEL"
"Tamil Nadu","Thiruvarur","2014-01-11",2014,1,0.0,"IMD GRID MODEL"
"Tamil Nadu","Thiruvarur","2014-01-12",2014,1,0.0,"IMD GRID MODEL"
"Tamil Nadu","Thiruvarur","2014-01-13",2014,1,0.0,"IMD GRID MODEL"
"Tamil Nadu","Thiruvarur","2014-01-14",2014,1,0.0,"IMD GRID MODEL"
"Tamil Nadu","Thiruvarur","2014-01-15",2014,1,0.0,"IMD GRID MODEL"
"Tamil Nadu","Thiruvarur","2014-01-16",2014,1,0.0,"IMD GRID MODEL"
"Tamil Nadu","Thiruvarur","2014-01-17",2014,1,0.0,"IMD GRID MODEL"
"Tamil Nadu","Thiruvarur","2014-01-18",2014,1,0.0,"IMD GRID MODEL"
"Tamil Nadu","Thiruvarur","2014-01-19",2014,1,0.0,"IMD GRID MODEL"
"Tamil Nadu","Thiruvarur","2014-01-20",2014,1,0.0,"IMD GRID MODEL"
"Tamil Nadu","Thiruvarur","2014-01-21",2014,1,0.0,"IMD GRID MODEL"
"Tamil Nadu","Thiruvarur","2014-01-22",2014,1,0.0,"IMD GRID MODEL"
"Tamil Nadu","Thiruvarur","2014-01-23",2014,1,0.0,"IMD GRID MODEL"
"Tamil Nadu","Thiruvarur","2014-01-24",2014,1,0.0,"IMD GRID MODEL"
"Tamil Nadu","Thiruvarur","2014-01-25",2014,1,0.0,"IMD GRID MODEL"
"Tamil Nadu","Thiruvarur","2014-01-26",2014,1,0.0,"IMD GRID MODEL"
"Tamil Nadu","Thiruvarur","2014-01-27",2014,1,0.0,"IMD GRID MODEL"
"Tamil Nadu","Thiruvarur","2014-01-28",2014,1,0.0,"IMD GRID MODEL"
"Tamil Nadu","Thiruvarur","2014-01-29",2014,1,0.0,"IMD GRID MODEL"
"Tamil Nadu","Thiruvarur","2014-01-30",2014,1,0.0,"IMD GRID MODEL"
"Tamil Nadu","Thiruvarur","2014-01-02",2014,1,0.0,"IMD GRID MODEL"
"Tamil Nadu","Thiruvarur","2014-01-31",2014,1,0.0,"IMD GRID MODEL"
"Tamil Nadu","Thiruvarur","2014-07-01",2014,7,0.0,"IMD GRID MODEL"
"Tamil Nadu","Thiruvarur","2014-07-02",2014,7,0.0,"IMD GRID MODEL"
"Tamil Nadu","Thiruvarur","2014-07-03",2014,7,0.0,"IMD GRID MODEL"
"Tamil Nadu","Thiruvarur","2014-07-04",2014,7,0.0,"IMD GRID MODEL"
"Tamil Nadu","Thiruvarur","2014-07-05",2014,7,0.0,"IMD GRID MODEL"
"Tamil Nadu","Thiruvarur","2014-07-06",2014,7,0.0,"IMD GRID MODEL"
"Tamil Nadu","Thiruvarur","2014-07-07",2014,7,0.0,"IMD GRID MODEL"
"Tamil Nadu","Thiruvarur","2014-07-08",2014,7,0.0,"IMD GRID MODEL"
"Tamil Nadu","Thiruvarur","2014-07-09",2014,7,0.0,"IMD GRID MODEL"
"Tamil Nadu","Thiruvarur","2014-07-10",2014,7,0.0,"IMD GRID MODEL"
"Tamil Nadu","Thiruvarur","2014-07-11",2014,7,0.0,"IMD GRID MODEL"
"Tamil Nadu","Thiruvarur","2014-07-12",2014,7,0.0,"IMD GRID MODEL"
"Tamil Nadu","Thiruvarur","2014-07-13",2014,7,0.0,"IMD GRID MODEL"
"Tamil Nadu","Thiruvarur","2014-07-14",2014,7,0.0,"IMD GRID MODEL"
"Tamil Nadu","Thiruvarur","2014-07-15",2014,7,0.0,"IMD GRID MODEL"
"Tamil Nadu","Thiruvarur","2014-07-16",2014,7,0.0,"IMD GRID MODEL"
"Tamil Nadu","Thiruvarur","2014-07-17",2014,7,0.0,"IMD GRID MODEL"
"Tamil Nadu","Thiruvarur","2014-07-18",2014,7,0.0,"IMD GRID MODEL"
"Tamil Nadu","Thiruvarur","2014-07-19",2014,7,0.0,"IMD GRID MODEL"
"Tamil Nadu","Thiruvarur","2014-07-20",2014,7,0.0,"IMD GRID MODEL"
"Tamil Nadu","Thiruvarur","2014-07-21",2014,7,0.0,"IMD GRID MODEL"
"Tamil Nadu","Thiruvarur","2014-07-22",2014,7,0.0,"IMD GRID MODEL"
"Tamil Nadu","Thiruvarur","2014-07-23",2014,7,0.0,"IMD GRID MODEL"
"Tamil Nadu","Thiruvarur","2014-07-24",2014,7,0.0,"IMD GRID MODEL"
"Tamil Nadu","Thiruvarur","2014-07-25",2014,7,0.0,"IMD GRID MODEL"
"Tamil Nadu","Thiruvarur","2014-07-26",2014,7,0.0,"IMD GRID MODEL"
"Tamil Nadu","Thiruvarur","2014-07-27",2014,7,0.0,"IMD GRID MODEL"
"Tamil Nadu","Thiruvarur","2014-07-28",2014,7,0.0,"IMD GRID MODEL"
"Tamil Nadu","Thiruvarur","2014-07-29",2014,7,0.0,"IMD GRID MODEL"
"Tamil Nadu","Thiruvarur","2014-07-30",2014,7,0.0,"IMD GRID MODEL"
"Tamil Nadu","Thiruvarur","2014-07-31",2014,7,0.0,"IMD GRID MODEL"
"Tamil Nadu","Thiruvarur","2014-06-02",2014,6,0.0,"IMD GRID MODEL"
"Tamil Nadu","Thiruvarur","2014-06-04",2014,6,0.0,"IMD GRID MODEL"
"Tamil Nadu","Thiruvarur","2014-06-03",2014,6,0.0,"IMD GRID MODEL"
"Tamil Nadu","Thiruvarur","2014-06-05",2014,6,0.0,"IMD GRID MODEL"
"Tamil Nadu","Thiruvarur","2014-06-06",2014,6,0.0,"IMD GRID MODEL"
"Tamil Nadu","Thiruvarur","2014-06-07",2014,6,0.0,"IMD GRID MODEL"
"Tamil Nadu","Thiruvarur","2014-06-08",2014,6,0.0,"IMD GRID MODEL"
"Tamil Nadu","Thiruvarur","2014-06-09",2014,6,0.0,"IMD GRID MODEL"
"Tamil Nadu","Thiruvarur","2014-06-10",2014,6,0.0,"IMD GRID MODEL"
"Tamil Nadu","Thiruvarur","2014-06-11",2014,6,0.0,"IMD GRID MODEL"
"Tamil Nadu","Thiruvarur","2014-06-12",2014,6,0.0,"IMD GRID MODEL"
"Tamil Nadu","Thiruvarur","2014-06-13",2014,6,0.0,"IMD GRID MODEL"
"Tamil Nadu","Thiruvarur","2014-06-01",2014,6,0.0,"IMD GRID MODEL"
"Tamil Nadu","Thiruvarur","2014-06-14",2014,6,0.0,"IMD GRID MODEL"
"Tamil Nadu","Thiruvarur","2014-06-15",2014,6,0.0,"IMD GRID MODEL"
"Tamil Nadu","Thiruvarur","2014-06-16",2014,6,0.0,"IMD GRID MODEL"
"Tamil Nadu","Thiruvarur","2014-06-18",2014,6,0.0,"IMD GRID MODEL"
"Tamil Nadu","Thiruvarur","2014-06-19",2014,6,0.0,"IMD GRID MODEL"
"Tamil Nadu","Thiruvarur","2014-06-20",2014,6,0.0,"IMD GRID MODEL"
"Tamil Nadu","Thiruvarur","2014-06-21",2014,6,0.0,"IMD GRID MODEL"
"Tamil Nadu","Thiruvarur","2014-06-22",2014,6,0.0,"IMD GRID MODEL"
"Tamil Nadu","Thiruvarur","2014-06-23",2014,6,0.0,"IMD GRID MODEL"
"Tamil Nadu","Thiruvarur","2014-06-24",2014,6,0.0,"IMD GRID MODEL"
"Tamil Nadu","Thiruvarur","2014-06-25",2014,6,0.0,"IMD GRID MODEL"
"Tamil Nadu","Thiruvarur","2014-06-26",2014,6,0.0,"IMD GRID MODEL"
"Tamil Nadu","Thiruvarur","2014-06-27",2014,6,0.0,"IMD GRID MODEL"
"Tamil Nadu","Thiruvarur","2014-06-29",2014,6,0.0,"IMD GRID MODEL"
"Tamil Nadu","Thiruvarur","2014-06-28",2014,6,0.0,"IMD GRID MODEL"
"Tamil Nadu","Thiruvarur","2014-06-30",2014,6,0.0,"IMD GRID MODEL"
"Tamil Nadu","Thiruvarur","2014-06-17",2014,6,0.0,"IMD GRID MODEL"
"Tamil Nadu","Thiruvarur","2014-03-01",2014,3,0.0,"IMD GRID MODEL"
"Tamil Nadu","Thiruvarur","2014-03-03",2014,3,0.0,"IMD GRID MODEL"
"Tamil Nadu","Thiruvarur","2014-03-04",2014,3,0.0,"IMD GRID MODEL"
"Tamil Nadu","Thiruvarur","2014-03-05",2014,3,0.0,"IMD GRID MODEL"
"Tamil Nadu","Thiruvarur","2014-03-06",2014,3,0.0,"IMD GRID MODEL"
"Tamil Nadu","Thiruvarur","2014-03-08",2014,3,0.0,"IMD GRID MODEL"
"Tamil Nadu","Thiruvarur","2014-03-07",2014,3,0.0,"IMD GRID MODEL"
"Tamil Nadu","Thiruvarur","2014-03-09",2014,3,0.0,"IMD GRID MODEL"
"Tamil Nadu","Thiruvarur","2014-03-10",2014,3,0.0,"IMD GRID MODEL"
"Tamil Nadu","Thiruvarur","2014-03-11",2014,3,0.0,"IMD GRID MODEL"
"Tamil Nadu","Thiruvarur","2014-03-12",2014,3,0.0,"IMD GRID MODEL"
"Tamil Nadu","Thiruvarur","2014-03-13",2014,3,0.0,"IMD GRID MODEL"
"Tamil Nadu","Thiruvarur","2014-03-14",2014,3,0.0,"IMD GRID MODEL"
"Tamil Nadu","Thiruvarur","2014-03-15",2014,3,0.0,"IMD GRID MODEL"
"Tamil Nadu","Thiruvarur","2014-03-16",2014,3,0.0,"IMD GRID MODEL"
"Tamil Nadu","Thiruvarur","2014-03-17",2014,3,0.0,"IMD GRID MODEL"
"Tamil Nadu","Thiruvarur","2014-03-18",2014,3,0.0,"IMD GRID MODEL"
"Tamil Nadu","Thiruvarur","2014-03-19",2014,3,0.0,"IMD GRID MODEL"
"Tamil Nadu","Thiruvarur","2014-03-20",2014,3,0.0,"IMD GRID MODEL"
"Tamil Nadu","Thiruvarur","2014-03-21",2014,3,0.0,"IMD GRID MODEL"
"Tamil Nadu","Thiruvarur","2014-03-22",2014,3,0.0,"IMD GRID MODEL"
"Tamil Nadu","Thiruvarur","2014-03-23",2014,3,0.0,"IMD GRID MODEL"
"Tamil Nadu","Thiruvarur","2014-03-24",2014,3,0.0,"IMD GRID MODEL"
"Tamil Nadu","Thiruvarur","2014-03-25",2014,3,0.0,"IMD GRID MODEL"
"Tamil Nadu","Thiruvarur","2014-03-26",2014,3,0.0,"IMD GRID MODEL"
"Tamil Nadu","Thiruvarur","2014-03-27",2014,3,0.0,"IMD GRID MODEL"
"Tamil Nadu","Thiruvarur","2014-03-28",2014,3,0.0,"IMD GRID MODEL"
"Tamil Nadu","Thiruvarur","2014-03-29",2014,3,0.0,"IMD GRID MODEL"
"Tamil Nadu","Thiruvarur","2014-03-30",2014,3,0.0,"IMD GRID MODEL"
"Tamil Nadu","Thiruvarur","2014-03-02",2014,3,0.0,"IMD GRID MODEL"
"Tamil Nadu","Thiruvarur","2014-03-31",2014,3,0.0,"IMD GRID MODEL"
"Tamil Nadu","Thiruvarur","2014-05-02",2014,5,0.0,"IMD GRID MODEL"
"Tamil Nadu","Thiruvarur","2014-05-04",2014,5,0.0,"IMD GRID MODEL"
"Tamil Nadu","Thiruvarur","2014-05-03",2014,5,0.0,"IMD GRID MODEL"
"Tamil Nadu","Thiruvarur","2014-05-06",2014,5,0.0,"IMD GRID MODEL"
"Tamil Nadu","Thiruvarur","2014-05-05",2014,5,0.0,"IMD GRID MODEL"
"Tamil Nadu","Thiruvarur","2014-05-07",2014,5,0.0,"IMD GRID MODEL"
"Tamil Nadu","Thiruvarur","2014-05-08",2014,5,0.0,"IMD GRID MODEL"
"Tamil Nadu","Thiruvarur","2014-05-09",2014,5,0.0,"IMD GRID MODEL"
"Tamil Nadu","Thiruvarur","2014-05-11",2014,5,0.0,"IMD GRID MODEL"
"Tamil Nadu","Thiruvarur","2014-05-10",2014,5,0.0,"IMD GRID MODEL"
"Tamil Nadu","Thiruvarur","2014-05-12",2014,5,0.0,"IMD GRID MODEL"
"Tamil Nadu","Thiruvarur","2014-05-13",2014,5,0.0,"IMD GRID MODEL"
"Tamil Nadu","Thiruvarur","2014-05-01",2014,5,0.0,"IMD GRID MODEL"
"Tamil Nadu","Thiruvarur","2014-05-14",2014,5,0.0,"IMD GRID MODEL"
"Tamil Nadu","Thiruvarur","2014-05-16",2014,5,0.0,"IMD GRID MODEL"
"Tamil Nadu","Thiruvarur","2014-05-17",2014,5,0.0,"IMD GRID MODEL"
"Tamil Nadu","Thiruvarur","2014-05-18",2014,5,0.0,"IMD GRID MODEL"
"Tamil Nadu","Thiruvarur","2014-05-19",2014,5,0.0,"IMD GRID MODEL"
"Tamil Nadu","Thiruvarur","2014-05-20",2014,5,0.0,"IMD GRID MODEL"
"Tamil Nadu","Thiruvarur","2014-05-21",2014,5,0.0,"IMD GRID MODEL"
"Tamil Nadu","Thiruvarur","2014-05-22",2014,5,0.0,"IMD GRID MODEL"
"Tamil Nadu","Thiruvarur","2014-05-23",2014,5,0.0,"IMD GRID MODEL"
"Tamil Nadu","Thiruvarur","2014-05-24",2014,5,0.0,"IMD GRID MODEL"
"Tamil Nadu","Thiruvarur","2014-05-25",2014,5,0.0,"IMD GRID MODEL"
"Tamil Nadu","Thiruvarur","2014-05-26",2014,5,0.0,"IMD GRID MODEL"
"Tamil Nadu","Thiruvarur","2014-05-27",2014,5,0.0,"IMD GRID MODEL"
"Tamil Nadu","Thiruvarur","2014-05-28",2014,5,0.0,"IMD GRID MODEL"
"Tamil Nadu","Thiruvarur","2014-05-29",2014,5,0.0,"IMD GRID MODEL"
"Tamil Nadu","Thiruvarur","2014-05-30",2014,5,0.0,"IMD GRID MODEL"
"Tamil Nadu","Thiruvarur","2014-05-31",2014,5,0.0,"IMD GRID MODEL"
"Tamil Nadu","Thiruvarur","2014-05-15",2014,5,0.0,"IMD GRID MODEL"
"Tamil Nadu","Thiruvarur","2014-11-01",2014,11,0.0,"IMD GRID MODEL"
"Tamil Nadu","Thiruvarur","2014-11-03",2014,11,0.0,"IMD GRID MODEL"
"Tamil Nadu","Thiruvarur","2014-11-04",2014,11,0.0,"IMD GRID MODEL"
"Tamil Nadu","Thiruvarur","2014-11-05",2014,11,0.0,"IMD GRID MODEL"
"Tamil Nadu","Thiruvarur","2014-11-06",2014,11,0.0,"IMD GRID MODEL"
"Tamil Nadu","Thiruvarur","2014-11-07",2014,11,0.0,"IMD GRID MODEL"
"Tamil Nadu","Thiruvarur","2014-11-09",2014,11,0.0,"IMD GRID MODEL"
"Tamil Nadu","Thiruvarur","2014-11-08",2014,11,0.0,"IMD GRID MODEL"
"Tamil Nadu","Thiruvarur","2014-11-10",2014,11,0.0,"IMD GRID MODEL"
"Tamil Nadu","Thiruvarur","2014-11-11",2014,11,0.0,"IMD GRID MODEL"
"Tamil Nadu","Thiruvarur","2014-11-12",2014,11,0.0,"IMD GRID MODEL"
"Tamil Nadu","Thiruvarur","2014-11-13",2014,11,0.0,"IMD GRID MODEL"
"Tamil Nadu","Thiruvarur","2014-11-14",2014,11,0.0,"IMD GRID MODEL"
"Tamil Nadu","Thiruvarur","2014-11-15",2014,11,0.0,"IMD GRID MODEL"
"Tamil Nadu","Thiruvarur","2014-11-16",2014,11,0.0,"IMD GRID MODEL"
"Tamil Nadu","Thiruvarur","2014-11-17",2014,11,0.0,"IMD GRID MODEL"
"Tamil Nadu","Thiruvarur","2014-11-02",2014,11,0.0,"IMD GRID MODEL"
"Tamil Nadu","Thiruvarur","2014-11-18",2014,11,0.0,"IMD GRID MODEL"
"Tamil Nadu","Thiruvarur","2014-11-19",2014,11,0.0,"IMD GRID MODEL"
"Tamil Nadu","Thiruvarur","2014-11-20",2014,11,0.0,"IMD GRID MODEL"
"Tamil Nadu","Thiruvarur","2014-11-23",2014,11,0.0,"IMD GRID MODEL"
"Tamil Nadu","Thiruvarur","2014-11-22",2014,11,0.0,"IMD GRID MODEL"
"Tamil Nadu","Thiruvarur","2014-11-24",2014,11,0.0,"IMD GRID MODEL"
"Tamil Nadu","Thiruvarur","2014-11-25",2014,11,0.0,"IMD GRID MODEL"
"Tamil Nadu","Thiruvarur","2014-11-26",2014,11,0.0,"IMD GRID MODEL"
"Tamil Nadu","Thiruvarur","2014-11-27",2014,11,0.0,"IMD GRID MODEL"
"Tamil Nadu","Thiruvarur","2014-11-28",2014,11,0.0,"IMD GRID MODEL"
"Tamil Nadu","Thiruvarur","2014-11-29",2014,11,0.0,"IMD GRID MODEL"
"Tamil Nadu","Thiruvarur","2014-11-30",2014,11,0.0,"IMD GRID MODEL"
"Tamil Nadu","Thiruvarur","2014-11-21",2014,11,0.0,"IMD GRID MODEL"
"Tamil Nadu","Thiruvarur","2014-10-01",2014,10,0.0,"IMD GRID MODEL"
"Tamil Nadu","Thiruvarur","2014-10-04",2014,10,0.0,"IMD GRID MODEL"
"Tamil Nadu","Thiruvarur","2014-10-03",2014,10,0.0,"IMD GRID MODEL"
"Tamil Nadu","Thiruvarur","2014-10-05",2014,10,0.0,"IMD GRID MODEL"
"Tamil Nadu","Thiruvarur","2014-10-07",2014,10,0.0,"IMD GRID MODEL"
"Tamil Nadu","Thiruvarur","2014-10-06",2014,10,0.0,"IMD GRID MODEL"
"Tamil Nadu","Thiruvarur","2014-10-08",2014,10,0.0,"IMD GRID MODEL"
"Tamil Nadu","Thiruvarur","2014-10-10",2014,10,0.0,"IMD GRID MODEL"
"Tamil Nadu","Thiruvarur","2014-10-09",2014,10,0.0,"IMD GRID MODEL"
"Tamil Nadu","Thiruvarur","2014-10-11",2014,10,0.0,"IMD GRID MODEL"
"Tamil Nadu","Thiruvarur","2014-10-12",2014,10,0.0,"IMD GRID MODEL"
"Tamil Nadu","Thiruvarur","2014-10-13",2014,10,0.0,"IMD GRID MODEL"
"Tamil Nadu","Thiruvarur","2014-10-14",2014,10,0.0,"IMD GRID MODEL"
"Tamil Nadu","Thiruvarur","2014-10-15",2014,10,0.0,"IMD GRID MODEL"
"Tamil Nadu","Thiruvarur","2014-10-16",2014,10,0.0,"IMD GRID MODEL"
"Tamil Nadu","Thiruvarur","2014-10-17",2014,10,0.0,"IMD GRID MODEL"
"Tamil Nadu","Thiruvarur","2014-10-18",2014,10,0.0,"IMD GRID MODEL"
"Tamil Nadu","Thiruvarur","2014-10-19",2014,10,0.0,"IMD GRID MODEL"
"Tamil Nadu","Thiruvarur","2014-10-20",2014,10,0.0,"IMD GRID MODEL"
"Tamil Nadu","Thiruvarur","2014-10-21",2014,10,0.0,"IMD GRID MODEL"
"Tamil Nadu","Thiruvarur","2014-10-22",2014,10,0.0,"IMD GRID MODEL"
"Tamil Nadu","Thiruvarur","2014-10-23",2014,10,0.0,"IMD GRID MODEL"
"Tamil Nadu","Thiruvarur","2014-10-24",2014,10,0.0,"IMD GRID MODEL"
"Tamil Nadu","Thiruvarur","2014-10-25",2014,10,0.0,"IMD GRID MODEL"
"Tamil Nadu","Thiruvarur","2014-10-26",2014,10,0.0,"IMD GRID MODEL"
"Tamil Nadu","Thiruvarur","2014-10-27",2014,10,0.0,"IMD GRID MODEL"
"Tamil Nadu","Thiruvarur","2014-10-28",2014,10,0.0,"IMD GRID MODEL"
"Tamil Nadu","Thiruvarur","2014-10-29",2014,10,0.0,"IMD GRID MODEL"
"Tamil Nadu","Thiruvarur","2014-10-30",2014,10,0.0,"IMD GRID MODEL"
"Tamil Nadu","Thiruvarur","2014-10-31",2014,10,0.0,"IMD GRID MODEL"
"Tamil Nadu","Thiruvarur","2014-10-02",2014,10,0.0,"IMD GRID MODEL"
"Tamil Nadu","Thiruvarur","2014-09-03",2014,9,0.0,"IMD GRID MODEL"
"Tamil Nadu","Thiruvarur","2014-09-02",2014,9,0.0,"IMD GRID MODEL"
"Tamil Nadu","Thiruvarur","2014-09-04",2014,9,0.0,"IMD GRID MODEL"
"Tamil Nadu","Thiruvarur","2014-09-05",2014,9,0.0,"IMD GRID MODEL"
"Tamil Nadu","Thiruvarur","2014-09-06",2014,9,0.0,"IMD GRID MODEL"
"Tamil Nadu","Thiruvarur","2014-09-07",2014,9,0.0,"IMD GRID MODEL"
"Tamil Nadu","Thiruvarur","2014-09-08",2014,9,0.0,"IMD GRID MODEL"
"Tamil Nadu","Thiruvarur","2014-09-09",2014,9,0.0,"IMD GRID MODEL"
"Tamil Nadu","Thiruvarur","2014-09-10",2014,9,0.0,"IMD GRID MODEL"
"Tamil Nadu","Thiruvarur","2014-09-11",2014,9,0.0,"IMD GRID MODEL"
"Tamil Nadu","Thiruvarur","2014-09-12",2014,9,0.0,"IMD GRID MODEL"
"Tamil Nadu","Thiruvarur","2014-09-13",2014,9,0.0,"IMD GRID MODEL"
"Tamil Nadu","Thiruvarur","2014-09-14",2014,9,0.0,"IMD GRID MODEL"
"Tamil Nadu","Thiruvarur","2014-09-15",2014,9,0.0,"IMD GRID MODEL"
"Tamil Nadu","Thiruvarur","2014-09-16",2014,9,0.0,"IMD GRID MODEL"
"Tamil Nadu","Thiruvarur","2014-09-17",2014,9,0.0,"IMD GRID MODEL"
"Tamil Nadu","Thiruvarur","2014-09-18",2014,9,0.0,"IMD GRID MODEL"
"Tamil Nadu","Thiruvarur","2014-09-19",2014,9,0.0,"IMD GRID MODEL"
"Tamil Nadu","Thiruvarur","2014-09-20",2014,9,0.0,"IMD GRID MODEL"
"Tamil Nadu","Thiruvarur","2014-09-21",2014,9,0.0,"IMD GRID MODEL"
"Tamil Nadu","Thiruvarur","2014-09-22",2014,9,0.0,"IMD GRID MODEL"
"Tamil Nadu","Thiruvarur","2014-09-23",2014,9,0.0,"IMD GRID MODEL"
"Tamil Nadu","Thiruvarur","2014-09-24",2014,9,0.0,"IMD GRID MODEL"
"Tamil Nadu","Thiruvarur","2014-09-25",2014,9,0.0,"IMD GRID MODEL"
"Tamil Nadu","Thiruvarur","2014-09-27",2014,9,0.0,"IMD GRID MODEL"
"Tamil Nadu","Thiruvarur","2014-09-26",2014,9,0.0,"IMD GRID MODEL"
"Tamil Nadu","Thiruvarur","2014-09-28",2014,9,0.0,"IMD GRID MODEL"
"Tamil Nadu","Thiruvarur","2014-09-29",2014,9,0.0,"IMD GRID MODEL"
"Tamil Nadu","Thiruvarur","2014-09-30",2014,9,0.0,"IMD GRID MODEL"
"Tamil Nadu","Thiruvarur","2014-09-01",2014,9,0.0,"IMD GRID MODEL"
"Tamil Nadu","Thiruvarur","2015-04-13",2015,4,0.0,"IMD GRID MODEL"
"Tamil Nadu","Thiruvarur","2015-04-02",2015,4,0.0,"IMD GRID MODEL"
"Tamil Nadu","Thiruvarur","2015-04-03",2015,4,0.820213932,"IMD GRID MODEL"
"Tamil Nadu","Thiruvarur","2015-04-04",2015,4,0.0,"IMD GRID MODEL"
"Tamil Nadu","Thiruvarur","2015-04-05",2015,4,0.0,"IMD GRID MODEL"
"Tamil Nadu","Thiruvarur","2015-04-06",2015,4,0.0,"IMD GRID MODEL"
"Tamil Nadu","Thiruvarur","2015-04-07",2015,4,0.0,"IMD GRID MODEL"
"Tamil Nadu","Thiruvarur","2015-04-01",2015,4,0.0,"IMD GRID MODEL"
"Tamil Nadu","Thiruvarur","2015-04-08",2015,4,0.0,"IMD GRID MODEL"
"Tamil Nadu","Thiruvarur","2015-04-09",2015,4,0.0,"IMD GRID MODEL"
"Tamil Nadu","Thiruvarur","2015-04-10",2015,4,0.0,"IMD GRID MODEL"
"Tamil Nadu","Thiruvarur","2015-04-11",2015,4,0.0,"IMD GRID MODEL"
"Tamil Nadu","Thiruvarur","2015-04-14",2015,4,0.0,"IMD GRID MODEL"
"Tamil Nadu","Thiruvarur","2015-04-15",2015,4,0.0,"IMD GRID MODEL"
"Tamil Nadu","Thiruvarur","2015-04-16",2015,4,0.0,"IMD GRID MODEL"
"Tamil Nadu","Thiruvarur","2015-04-12",2015,4,0.0,"IMD GRID MODEL"
"Tamil Nadu","Thiruvarur","2015-04-17",2015,4,0.0,"IMD GRID MODEL"
"Tamil Nadu","Thiruvarur","2015-04-18",2015,4,0.0,"IMD GRID MODEL"
"Tamil Nadu","Thiruvarur","2015-04-19",2015,4,0.0,"IMD GRID MODEL"
"Tamil Nadu","Thiruvarur","2015-04-20",2015,4,0.0,"IMD GRID MODEL"
"Tamil Nadu","Thiruvarur","2015-04-21",2015,4,0.0,"IMD GRID MODEL"
"Tamil Nadu","Thiruvarur","2015-04-22",2015,4,0.0,"IMD GRID MODEL"
"Tamil Nadu","Thiruvarur","2015-04-23",2015,4,0.0,"IMD GRID MODEL"
"Tamil Nadu","Thiruvarur","2015-04-24",2015,4,0.0,"IMD GRID MODEL"
"Tamil Nadu","Thiruvarur","2015-04-25",2015,4,0.0,"IMD GRID MODEL"
"Tamil Nadu","Thiruvarur","2015-04-26",2015,4,0.0,"IMD GRID MODEL"
"Tamil Nadu","Thiruvarur","2015-04-27",2015,4,0.0,"IMD GRID MODEL"
"Tamil Nadu","Thiruvarur","2015-04-28",2015,4,0.0,"IMD GRID MODEL"
"Tamil Nadu","Thiruvarur","2015-04-29",2015,4,0.0,"IMD GRID MODEL"
"Tamil Nadu","Thiruvarur","2015-04-30",2015,4,0.0,"IMD GRID MODEL"
"Tamil Nadu","Thiruvarur","2015-08-05",2015,8,0.0,"IMD GRID MODEL"
"Tamil Nadu","Thiruvarur","2015-08-24",2015,8,0.0,"IMD GRID MODEL"
"Tamil Nadu","Thiruvarur","2015-08-01",2015,8,2.0938913481,"IMD GRID MODEL"
"Tamil Nadu","Thiruvarur","2015-08-02",2015,8,0.0,"IMD GRID MODEL"
"Tamil Nadu","Thiruvarur","2015-08-03",2015,8,0.0,"IMD GRID MODEL"
"Tamil Nadu","Thiruvarur","2015-08-04",2015,8,0.0,"IMD GRID MODEL"
"Tamil Nadu","Thiruvarur","2015-08-06",2015,8,0.0,"IMD GRID MODEL"
"Tamil Nadu","Thiruvarur","2015-08-07",2015,8,0.3534970735,"IMD GRID MODEL"
"Tamil Nadu","Thiruvarur","2015-08-08",2015,8,0.0,"IMD GRID MODEL"
"Tamil Nadu","Thiruvarur","2015-08-09",2015,8,1.2854047267,"IMD GRID MODEL"
"Tamil Nadu","Thiruvarur","2015-08-10",2015,8,1.53005836,"IMD GRID MODEL"
"Tamil Nadu","Thiruvarur","2015-08-11",2015,8,0.0,"IMD GRID MODEL"
"Tamil Nadu","Thiruvarur","2015-08-12",2015,8,0.0,"IMD GRID MODEL"
"Tamil Nadu","Thiruvarur","2015-08-13",2015,8,0.0261355494,"IMD GRID MODEL"
"Tamil Nadu","Thiruvarur","2015-08-14",2015,8,0.0,"IMD GRID MODEL"
"Tamil Nadu","Thiruvarur","2015-08-15",2015,8,30.7555467557,"IMD GRID MODEL"
"Tamil Nadu","Thiruvarur","2015-08-16",2015,8,0.5145524396,"IMD GRID MODEL"
"Tamil Nadu","Thiruvarur","2015-08-17",2015,8,0.3194526259,"IMD GRID MODEL"
"Tamil Nadu","Thiruvarur","2015-08-18",2015,8,0.3392920405,"IMD GRID MODEL"
"Tamil Nadu","Thiruvarur","2015-08-19",2015,8,0.0,"IMD GRID MODEL"
"Tamil Nadu","Thiruvarur","2015-08-20",2015,8,0.0,"IMD GRID MODEL"
"Tamil Nadu","Thiruvarur","2015-08-21",2015,8,0.2647129001,"IMD GRID MODEL"
"Tamil Nadu","Thiruvarur","2015-08-22",2015,8,0.0,"IMD GRID MODEL"
"Tamil Nadu","Thiruvarur","2015-08-23",2015,8,5.2536609106,"IMD GRID MODEL"
"Tamil Nadu","Thiruvarur","2015-08-25",2015,8,0.0,"IMD GRID MODEL"
"Tamil Nadu","Thiruvarur","2015-08-26",2015,8,0.0,"IMD GRID MODEL"
"Tamil Nadu","Thiruvarur","2015-08-27",2015,8,0.0,"IMD GRID MODEL"
"Tamil Nadu","Thiruvarur","2015-08-28",2015,8,6.4786039206,"IMD GRID MODEL"
"Tamil Nadu","Thiruvarur","2015-08-29",2015,8,0.0,"IMD GRID MODEL"
"Tamil Nadu","Thiruvarur","2015-08-30",2015,8,0.0,"IMD GRID MODEL"
"Tamil Nadu","Thiruvarur","2015-08-31",2015,8,0.0,"IMD GRID MODEL"
"Tamil Nadu","Thiruvarur","2015-12-16",2015,12,13.33942376,"IMD GRID MODEL"
"Tamil Nadu","Thiruvarur","2015-12-01",2015,12,1.8760918036,"IMD GRID MODEL"
"Tamil Nadu","Thiruvarur","2015-12-02",2015,12,8.127726173,"IMD GRID MODEL"
"Tamil Nadu","Thiruvarur","2015-12-03",2015,12,0.2399279314,"IMD GRID MODEL"
"Tamil Nadu","Thiruvarur","2015-12-04",2015,12,4.1118048981,"IMD GRID MODEL"
"Tamil Nadu","Thiruvarur","2015-12-05",2015,12,9.2823769531,"IMD GRID MODEL"
"Tamil Nadu","Thiruvarur","2015-12-06",2015,12,10.9522726111,"IMD GRID MODEL"
"Tamil Nadu","Thiruvarur","2015-12-07",2015,12,0.1682127609,"IMD GRID MODEL"
"Tamil Nadu","Thiruvarur","2015-12-08",2015,12,5.5157173569,"IMD GRID MODEL"
"Tamil Nadu","Thiruvarur","2015-12-09",2015,12,20.8750842104,"IMD GRID MODEL"
"Tamil Nadu","Thiruvarur","2015-12-10",2015,12,27.3965823926,"IMD GRID MODEL"
"Tamil Nadu","Thiruvarur","2015-12-11",2015,12,20.3081396538,"IMD GRID MODEL"
"Tamil Nadu","Thiruvarur","2015-12-12",2015,12,0.3371151603,"IMD GRID MODEL"
"Tamil Nadu","Thiruvarur","2015-12-13",2015,12,0.0,"IMD GRID MODEL"
"Tamil Nadu","Thiruvarur","2015-12-14",2015,12,0.0,"IMD GRID MODEL"
"Tamil Nadu","Thiruvarur","2015-12-15",2015,12,0.0022461943,"IMD GRID MODEL"
"Tamil Nadu","Thiruvarur","2015-12-17",2015,12,0.0,"IMD GRID MODEL"
"Tamil Nadu","Thiruvarur","2015-12-18",2015,12,0.0,"IMD GRID MODEL"
"Tamil Nadu","Thiruvarur","2015-12-19",2015,12,0.0008984777,"IMD GRID MODEL"
"Tamil Nadu","Thiruvarur","2015-12-20",2015,12,0.0,"IMD GRID MODEL"
"Tamil Nadu","Thiruvarur","2015-12-21",2015,12,0.0,"IMD GRID MODEL"
"Tamil Nadu","Thiruvarur","2015-12-22",2015,12,0.8864681282,"IMD GRID MODEL"
"Tamil Nadu","Thiruvarur","2015-12-23",2015,12,20.1365756336,"IMD GRID MODEL"
"Tamil Nadu","Thiruvarur","2015-12-24",2015,12,0.0568239199,"IMD GRID MODEL"
"Tamil Nadu","Thiruvarur","2015-12-25",2015,12,0.0,"IMD GRID MODEL"
"Tamil Nadu","Thiruvarur","2015-12-26",2015,12,0.0,"IMD GRID MODEL"
"Tamil Nadu","Thiruvarur","2015-12-27",2015,12,0.0,"IMD GRID MODEL"
"Tamil Nadu","Thiruvarur","2015-12-28",2015,12,0.244663526,"IMD GRID MODEL"
"Tamil Nadu","Thiruvarur","2015-12-29",2015,12,4.4801972403,"IMD GRID MODEL"
"Tamil Nadu","Thiruvarur","2015-12-30",2015,12,0.0232119842,"IMD GRID MODEL"
"Tamil Nadu","Thiruvarur","2015-12-31",2015,12,0.0713394481,"IMD GRID MODEL"
"Tamil Nadu","Thiruvarur","2015-02-15",2015,2,10.3756112544,"IMD GRID MODEL"
"Tamil Nadu","Thiruvarur","2015-02-01",2015,2,5.6772779554,"IMD GRID MODEL"
"Tamil Nadu","Thiruvarur","2015-02-02",2015,2,0.5909784474,"IMD GRID MODEL"
"Tamil Nadu","Thiruvarur","2015-02-03",2015,2,44.1970771749,"IMD GRID MODEL"
"Tamil Nadu","Thiruvarur","2015-02-04",2015,2,27.1688954393,"IMD GRID MODEL"
"Tamil Nadu","Thiruvarur","2015-02-05",2015,2,51.5163527109,"IMD GRID MODEL"
"Tamil Nadu","Thiruvarur","2015-02-06",2015,2,20.2433037891,"IMD GRID MODEL"
"Tamil Nadu","Thiruvarur","2015-02-07",2015,2,35.339930602,"IMD GRID MODEL"
"Tamil Nadu","Thiruvarur","2015-02-08",2015,2,42.3049219887,"IMD GRID MODEL"
"Tamil Nadu","Thiruvarur","2015-02-09",2015,2,20.1386056091,"IMD GRID MODEL"
"Tamil Nadu","Thiruvarur","2015-02-10",2015,2,23.9191509607,"IMD GRID MODEL"
"Tamil Nadu","Thiruvarur","2015-02-11",2015,2,76.0005367927,"IMD GRID MODEL"
"Tamil Nadu","Thiruvarur","2015-02-12",2015,2,47.2465119515,"IMD GRID MODEL"
"Tamil Nadu","Thiruvarur","2015-02-13",2015,2,2.8593598156,"IMD GRID MODEL"
"Tamil Nadu","Thiruvarur","2015-02-14",2015,2,9.2145772998,"IMD GRID MODEL"
"Tamil Nadu","Thiruvarur","2015-02-16",2015,2,0.0,"IMD GRID MODEL"
"Tamil Nadu","Thiruvarur","2015-02-17",2015,2,0.0,"IMD GRID MODEL"
"Tamil Nadu","Thiruvarur","2015-02-18",2015,2,55.391684629,"IMD GRID MODEL"
"Tamil Nadu","Thiruvarur","2015-02-19",2015,2,0.0,"IMD GRID MODEL"
"Tamil Nadu","Thiruvarur","2015-02-20",2015,2,0.0,"IMD GRID MODEL"
"Tamil Nadu","Thiruvarur","2015-02-21",2015,2,0.0,"IMD GRID MODEL"
"Tamil Nadu","Thiruvarur","2015-02-22",2015,2,1.5130360058,"IMD GRID MODEL"
"Tamil Nadu","Thiruvarur","2015-02-23",2015,2,4.3233137834,"IMD GRID MODEL"
"Tamil Nadu","Thiruvarur","2015-02-24",2015,2,0.0,"IMD GRID MODEL"
"Tamil Nadu","Thiruvarur","2015-02-25",2015,2,0.0,"IMD GRID MODEL"
"Tamil Nadu","Thiruvarur","2015-02-26",2015,2,0.0,"IMD GRID MODEL"
"Tamil Nadu","Thiruvarur","2015-02-27",2015,2,0.0,"IMD GRID MODEL"
"Tamil Nadu","Thiruvarur","2015-02-28",2015,2,0.0,"IMD GRID MODEL"
"Tamil Nadu","Thiruvarur","2015-01-08",2015,1,0.7226807622,"IMD GRID MODEL"
"Tamil Nadu","Thiruvarur","2015-01-27",2015,1,85.503603252,"IMD GRID MODEL"
"Tamil Nadu","Thiruvarur","2015-01-02",2015,1,3.4156882811,"IMD GRID MODEL"
"Tamil Nadu","Thiruvarur","2015-01-03",2015,1,7.3451457592,"IMD GRID MODEL"
"Tamil Nadu","Thiruvarur","2015-01-04",2015,1,15.8183556928,"IMD GRID MODEL"
"Tamil Nadu","Thiruvarur","2015-01-05",2015,1,4.6251796534,"IMD GRID MODEL"
"Tamil Nadu","Thiruvarur","2015-01-06",2015,1,23.4786992036,"IMD GRID MODEL"
"Tamil Nadu","Thiruvarur","2015-01-07",2015,1,5.5362873033,"IMD GRID MODEL"
"Tamil Nadu","Thiruvarur","2015-01-01",2015,1,3.3453048484,"IMD GRID MODEL"
"Tamil Nadu","Thiruvarur","2015-01-09",2015,1,15.9379622078,"IMD GRID MODEL"
"Tamil Nadu","Thiruvarur","2015-01-10",2015,1,5.7067389516,"IMD GRID MODEL"
"Tamil Nadu","Thiruvarur","2015-01-11",2015,1,60.8858928426,"IMD GRID MODEL"
"Tamil Nadu","Thiruvarur","2015-01-12",2015,1,20.4191868369,"IMD GRID MODEL"
"Tamil Nadu","Thiruvarur","2015-01-13",2015,1,92.649542892,"IMD GRID MODEL"
"Tamil Nadu","Thiruvarur","2015-01-14",2015,1,13.6645498842,"IMD GRID MODEL"
"Tamil Nadu","Thiruvarur","2015-01-15",2015,1,1.5609695348,"IMD GRID MODEL"
"Tamil Nadu","Thiruvarur","2015-01-16",2015,1,8.8518450742,"IMD GRID MODEL"
"Tamil Nadu","Thiruvarur","2015-01-17",2015,1,0.0,"IMD GRID MODEL"
"Tamil Nadu","Thiruvarur","2015-01-18",2015,1,8.1499138961,"IMD GRID MODEL"
"Tamil Nadu","Thiruvarur","2015-01-19",2015,1,42.2360657987,"IMD GRID MODEL"
"Tamil Nadu","Thiruvarur","2015-01-20",2015,1,37.7452873434,"IMD GRID MODEL"
"Tamil Nadu","Thiruvarur","2015-01-21",2015,1,4.5331383687,"IMD GRID MODEL"
"Tamil Nadu","Thiruvarur","2015-01-22",2015,1,0.2999941031,"IMD GRID MODEL"
"Tamil Nadu","Thiruvarur","2015-01-23",2015,1,1.2384003556,"IMD GRID MODEL"
"Tamil Nadu","Thiruvarur","2015-01-24",2015,1,6.1156483841,"IMD GRID MODEL"
"Tamil Nadu","Thiruvarur","2015-01-25",2015,1,11.0050680018,"IMD GRID MODEL"
"Tamil Nadu","Thiruvarur","2015-01-26",2015,1,23.2404274671,"IMD GRID MODEL"
"Tamil Nadu","Thiruvarur","2015-01-28",2015,1,7.0989302799,"IMD GRID MODEL"
"Tamil Nadu","Thiruvarur","2015-01-29",2015,1,0.0,"IMD GRID MODEL"
"Tamil Nadu","Thiruvarur","2015-01-30",2015,1,0.0,"IMD GRID MODEL"
"Tamil Nadu","Thiruvarur","2015-01-31",2015,1,5.9204843585,"IMD GRID MODEL"
"Tamil Nadu","Thiruvarur","2015-07-17",2015,7,19.9846806854,"IMD GRID MODEL"
"Tamil Nadu","Thiruvarur","2015-07-01",2015,7,1.6653482158,"IMD GRID MODEL"
"Tamil Nadu","Thiruvarur","2015-07-02",2015,7,3.9931611233,"IMD GRID MODEL"
"Tamil Nadu","Thiruvarur","2015-07-03",2015,7,0.0010781733,"IMD GRID MODEL"
"Tamil Nadu","Thiruvarur","2015-07-04",2015,7,0.0,"IMD GRID MODEL"
"Tamil Nadu","Thiruvarur","2015-07-05",2015,7,0.0,"IMD GRID MODEL"
"Tamil Nadu","Thiruvarur","2015-07-06",2015,7,0.0,"IMD GRID MODEL"
"Tamil Nadu","Thiruvarur","2015-07-07",2015,7,0.0,"IMD GRID MODEL"
"Tamil Nadu","Thiruvarur","2015-07-08",2015,7,1.0973425287,"IMD GRID MODEL"
"Tamil Nadu","Thiruvarur","2015-07-09",2015,7,19.1547804906,"IMD GRID MODEL"
"Tamil Nadu","Thiruvarur","2015-07-10",2015,7,0.1093295848,"IMD GRID MODEL"
"Tamil Nadu","Thiruvarur","2015-07-11",2015,7,4.3180375158,"IMD GRID MODEL"
"Tamil Nadu","Thiruvarur","2015-07-12",2015,7,1.6136607723,"IMD GRID MODEL"
"Tamil Nadu","Thiruvarur","2015-07-13",2015,7,0.0,"IMD GRID MODEL"
"Tamil Nadu","Thiruvarur","2015-07-14",2015,7,2.8043118567,"IMD GRID MODEL"
"Tamil Nadu","Thiruvarur","2015-07-15",2015,7,0.0888390292,"IMD GRID MODEL"
"Tamil Nadu","Thiruvarur","2015-07-16",2015,7,4.3828955776,"IMD GRID MODEL"
"Tamil Nadu","Thiruvarur","2015-07-18",2015,7,6.1939963731,"IMD GRID MODEL"
"Tamil Nadu","Thiruvarur","2015-07-19",2015,7,9.1272001573,"IMD GRID MODEL"
"Tamil Nadu","Thiruvarur","2015-07-20",2015,7,29.9665753255,"IMD GRID MODEL"
"Tamil Nadu","Thiruvarur","2015-07-21",2015,7,30.5807141502,"IMD GRID MODEL"
"Tamil Nadu","Thiruvarur","2015-07-22",2015,7,1.1454970173,"IMD GRID MODEL"
"Tamil Nadu","Thiruvarur","2015-07-23",2015,7,0.0550613956,"IMD GRID MODEL"
"Tamil Nadu","Thiruvarur","2015-07-24",2015,7,0.0,"IMD GRID MODEL"
"Tamil Nadu","Thiruvarur","2015-07-25",2015,7,0.0,"IMD GRID MODEL"
"Tamil Nadu","Thiruvarur","2015-07-26",2015,7,0.0,"IMD GRID MODEL"
"Tamil Nadu","Thiruvarur","2015-07-27",2015,7,0.0,"IMD GRID MODEL"
"Tamil Nadu","Thiruvarur","2015-07-28",2015,7,0.0,"IMD GRID MODEL"
"Tamil Nadu","Thiruvarur","2015-07-29",2015,7,0.0,"IMD GRID MODEL"
"Tamil Nadu","Thiruvarur","2015-07-30",2015,7,0.0,"IMD GRID MODEL"
"Tamil Nadu","Thiruvarur","2015-07-31",2015,7,0.0,"IMD GRID MODEL"
"Tamil Nadu","Thiruvarur","2015-06-09",2015,6,0.0,"IMD GRID MODEL"
"Tamil Nadu","Thiruvarur","2015-06-28",2015,6,0.0,"IMD GRID MODEL"
"Tamil Nadu","Thiruvarur","2015-06-01",2015,6,0.0,"IMD GRID MODEL"
"Tamil Nadu","Thiruvarur","2015-06-02",2015,6,0.0,"IMD GRID MODEL"
"Tamil Nadu","Thiruvarur","2015-06-03",2015,6,0.0,"IMD GRID MODEL"
"Tamil Nadu","Thiruvarur","2015-06-04",2015,6,1.5842118887,"IMD GRID MODEL"
"Tamil Nadu","Thiruvarur","2015-06-05",2015,6,0.5898750579,"IMD GRID MODEL"
"Tamil Nadu","Thiruvarur","2015-06-06",2015,6,0.0196319763,"IMD GRID MODEL"
"Tamil Nadu","Thiruvarur","2015-06-07",2015,6,0.0,"IMD GRID MODEL"
"Tamil Nadu","Thiruvarur","2015-06-08",2015,6,0.0,"IMD GRID MODEL"
"Tamil Nadu","Thiruvarur","2015-06-10",2015,6,0.0,"IMD GRID MODEL"
"Tamil Nadu","Thiruvarur","2015-06-11",2015,6,0.0,"IMD GRID MODEL"
"Tamil Nadu","Thiruvarur","2015-06-12",2015,6,0.0,"IMD GRID MODEL"
"Tamil Nadu","Thiruvarur","2015-06-13",2015,6,3.3240966269,"IMD GRID MODEL"
"Tamil Nadu","Thiruvarur","2015-06-14",2015,6,0.8738532525,"IMD GRID MODEL"
"Tamil Nadu","Thiruvarur","2015-06-15",2015,6,0.0,"IMD GRID MODEL"
"Tamil Nadu","Thiruvarur","2015-06-16",2015,6,0.2263968412,"IMD GRID MODEL"
"Tamil Nadu","Thiruvarur","2015-06-17",2015,6,4.0254063106,"IMD GRID MODEL"
"Tamil Nadu","Thiruvarur","2015-06-18",2015,6,0.0,"IMD GRID MODEL"
"Tamil Nadu","Thiruvarur","2015-06-19",2015,6,18.7170441329,"IMD GRID MODEL"
"Tamil Nadu","Thiruvarur","2015-06-20",2015,6,1.7080032373,"IMD GRID MODEL"
"Tamil Nadu","Thiruvarur","2015-06-21",2015,6,4.0310024339,"IMD GRID MODEL"
"Tamil Nadu","Thiruvarur","2015-06-22",2015,6,7.5516181506,"IMD GRID MODEL"
"Tamil Nadu","Thiruvarur","2015-06-23",2015,6,0.8221628312,"IMD GRID MODEL"
"Tamil Nadu","Thiruvarur","2015-06-24",2015,6,0.0116189252,"IMD GRID MODEL"
"Tamil Nadu","Thiruvarur","2015-06-25",2015,6,0.0261355494,"IMD GRID MODEL"
"Tamil Nadu","Thiruvarur","2015-06-26",2015,6,0.0051878237,"IMD GRID MODEL"
"Tamil Nadu","Thiruvarur","2015-06-27",2015,6,0.0,"IMD GRID MODEL"
"Tamil Nadu","Thiruvarur","2015-06-29",2015,6,41.9237576148,"IMD GRID MODEL"
"Tamil Nadu","Thiruvarur","2015-06-30",2015,6,0.0,"IMD GRID MODEL"
"Tamil Nadu","Thiruvarur","2015-03-06",2015,3,0.0,"IMD GRID MODEL"
"Tamil Nadu","Thiruvarur","2015-03-25",2015,3,0.0,"IMD GRID MODEL"
"Tamil Nadu","Thiruvarur","2015-03-01",2015,3,0.0,"IMD GRID MODEL"
"Tamil Nadu","Thiruvarur","2015-03-02",2015,3,0.169431176,"IMD GRID MODEL"
"Tamil Nadu","Thiruvarur","2015-03-03",2015,3,0.0,"IMD GRID MODEL"
"Tamil Nadu","Thiruvarur","2015-03-04",2015,3,0.0,"IMD GRID MODEL"
"Tamil Nadu","Thiruvarur","2015-03-05",2015,3,0.0,"IMD GRID MODEL"
"Tamil Nadu","Thiruvarur","2015-03-07",2015,3,0.027080647,"IMD GRID MODEL"
"Tamil Nadu","Thiruvarur","2015-03-08",2015,3,0.1376534835,"IMD GRID MODEL"
"Tamil Nadu","Thiruvarur","2015-03-09",2015,3,0.0,"IMD GRID MODEL"
"Tamil Nadu","Thiruvarur","2015-03-10",2015,3,0.0,"IMD GRID MODEL"
"Tamil Nadu","Thiruvarur","2015-03-11",2015,3,0.0,"IMD GRID MODEL"
"Tamil Nadu","Thiruvarur","2015-03-12",2015,3,0.0,"IMD GRID MODEL"
"Tamil Nadu","Thiruvarur","2015-03-13",2015,3,0.0,"IMD GRID MODEL"
"Tamil Nadu","Thiruvarur","2015-03-14",2015,3,0.0,"IMD GRID MODEL"
"Tamil Nadu","Thiruvarur","2015-03-15",2015,3,0.0,"IMD GRID MODEL"
"Tamil Nadu","Thiruvarur","2015-03-16",2015,3,0.0,"IMD GRID MODEL"
"Tamil Nadu","Thiruvarur","2015-03-17",2015,3,0.0,"IMD GRID MODEL"
"Tamil Nadu","Thiruvarur","2015-03-18",2015,3,0.0,"IMD GRID MODEL"
"Tamil Nadu","Thiruvarur","2015-03-19",2015,3,0.0,"IMD GRID MODEL"
"Tamil Nadu","Thiruvarur","2015-03-20",2015,3,0.0,"IMD GRID MODEL"
"Tamil Nadu","Thiruvarur","2015-03-21",2015,3,0.0,"IMD GRID MODEL"
"Tamil Nadu","Thiruvarur","2015-03-22",2015,3,0.0,"IMD GRID MODEL"
"Tamil Nadu","Thiruvarur","2015-03-23",2015,3,0.4901576097,"IMD GRID MODEL"
"Tamil Nadu","Thiruvarur","2015-03-24",2015,3,0.0,"IMD GRID MODEL"
"Tamil Nadu","Thiruvarur","2015-03-26",2015,3,0.0,"IMD GRID MODEL"
"Tamil Nadu","Thiruvarur","2015-03-27",2015,3,0.0,"IMD GRID MODEL"
"Tamil Nadu","Thiruvarur","2015-03-28",2015,3,0.0,"IMD GRID MODEL"
"Tamil Nadu","Thiruvarur","2015-03-29",2015,3,2.6891021396,"IMD GRID MODEL"
"Tamil Nadu","Thiruvarur","2015-03-30",2015,3,1.5544716927,"IMD GRID MODEL"
"Tamil Nadu","Thiruvarur","2015-03-31",2015,3,0.0788812589,"IMD GRID MODEL"
"Tamil Nadu","Thiruvarur","2015-05-02",2015,5,0.0,"IMD GRID MODEL"
"Tamil Nadu","Thiruvarur","2015-05-21",2015,5,0.0,"IMD GRID MODEL"
"Tamil Nadu","Thiruvarur","2015-05-01",2015,5,0.0,"IMD GRID MODEL"
"Tamil Nadu","Thiruvarur","2015-05-03",2015,5,0.0,"IMD GRID MODEL"
"Tamil Nadu","Thiruvarur","2015-05-04",2015,5,0.0,"IMD GRID MODEL"
"Tamil Nadu","Thiruvarur","2015-05-05",2015,5,0.0,"IMD GRID MODEL"
"Tamil Nadu","Thiruvarur","2015-05-06",2015,5,0.0598996956,"IMD GRID MODEL"
"Tamil Nadu","Thiruvarur","2015-05-07",2015,5,0.0,"IMD GRID MODEL"
"Tamil Nadu","Thiruvarur","2015-05-08",2015,5,0.0,"IMD GRID MODEL"
"Tamil Nadu","Thiruvarur","2015-05-09",2015,5,0.0,"IMD GRID MODEL"
"Tamil Nadu","Thiruvarur","2015-05-10",2015,5,0.0,"IMD GRID MODEL"
"Tamil Nadu","Thiruvarur","2015-05-11",2015,5,0.0,"IMD GRID MODEL"
"Tamil Nadu","Thiruvarur","2015-05-12",2015,5,0.0,"IMD GRID MODEL"
"Tamil Nadu","Thiruvarur","2015-05-13",2015,5,0.0,"IMD GRID MODEL"
"Tamil Nadu","Thiruvarur","2015-05-14",2015,5,0.0,"IMD GRID MODEL"
"Tamil Nadu","Thiruvarur","2015-05-15",2015,5,0.0,"IMD GRID MODEL"
"Tamil Nadu","Thiruvarur","2015-05-16",2015,5,0.0,"IMD GRID MODEL"
"Tamil Nadu","Thiruvarur","2015-05-17",2015,5,0.0,"IMD GRID MODEL"
"Tamil Nadu","Thiruvarur","2015-05-18",2015,5,0.0,"IMD GRID MODEL"
"Tamil Nadu","Thiruvarur","2015-05-19",2015,5,0.0,"IMD GRID MODEL"
"Tamil Nadu","Thiruvarur","2015-05-20",2015,5,2.8180240725,"IMD GRID MODEL"
"Tamil Nadu","Thiruvarur","2015-05-22",2015,5,0.0,"IMD GRID MODEL"
"Tamil Nadu","Thiruvarur","2015-05-23",2015,5,0.0,"IMD GRID MODEL"
"Tamil Nadu","Thiruvarur","2015-05-24",2015,5,0.0,"IMD GRID MODEL"
"Tamil Nadu","Thiruvarur","2015-05-25",2015,5,0.0,"IMD GRID MODEL"
"Tamil Nadu","Thiruvarur","2015-05-26",2015,5,0.0,"IMD GRID MODEL"
"Tamil Nadu","Thiruvarur","2015-05-27",2015,5,0.0,"IMD GRID MODEL"
"Tamil Nadu","Thiruvarur","2015-05-28",2015,5,0.0,"IMD GRID MODEL"
"Tamil Nadu","Thiruvarur","2015-05-29",2015,5,0.0,"IMD GRID MODEL"
"Tamil Nadu","Thiruvarur","2015-05-30",2015,5,0.0,"IMD GRID MODEL"
"Tamil Nadu","Thiruvarur","2015-05-31",2015,5,0.0,"IMD GRID MODEL"
"Tamil Nadu","Thiruvarur","2015-11-08",2015,11,0.0,"IMD GRID MODEL"
"Tamil Nadu","Thiruvarur","2015-11-27",2015,11,1.8578614887,"IMD GRID MODEL"
"Tamil Nadu","Thiruvarur","2015-11-01",2015,11,0.0,"IMD GRID MODEL"
"Tamil Nadu","Thiruvarur","2015-11-02",2015,11,0.0,"IMD GRID MODEL"
"Tamil Nadu","Thiruvarur","2015-11-03",2015,11,0.0,"IMD GRID MODEL"
"Tamil Nadu","Thiruvarur","2015-11-04",2015,11,0.3441337187,"IMD GRID MODEL"
"Tamil Nadu","Thiruvarur","2015-11-05",2015,11,0.0,"IMD GRID MODEL"
"Tamil Nadu","Thiruvarur","2015-11-06",2015,11,3.5423524514,"IMD GRID MODEL"
"Tamil Nadu","Thiruvarur","2015-11-07",2015,11,3.8042987985,"IMD GRID MODEL"
"Tamil Nadu","Thiruvarur","2015-11-09",2015,11,0.2608131751,"IMD GRID MODEL"
"Tamil Nadu","Thiruvarur","2015-11-10",2015,11,3.8401239139,"IMD GRID MODEL"
"Tamil Nadu","Thiruvarur","2015-11-11",2015,11,4.456832795,"IMD GRID MODEL"
"Tamil Nadu","Thiruvarur","2015-11-12",2015,11,0.6486981142,"IMD GRID MODEL"
"Tamil Nadu","Thiruvarur","2015-11-13",2015,11,0.0,"IMD GRID MODEL"
"Tamil Nadu","Thiruvarur","2015-11-14",2015,11,0.2205663073,"IMD GRID MODEL"
"Tamil Nadu","Thiruvarur","2015-11-15",2015,11,0.0,"IMD GRID MODEL"
"Tamil Nadu","Thiruvarur","2015-11-16",2015,11,0.0,"IMD GRID MODEL"
"Tamil Nadu","Thiruvarur","2015-11-17",2015,11,0.0,"IMD GRID MODEL"
"Tamil Nadu","Thiruvarur","2015-11-18",2015,11,0.0,"IMD GRID MODEL"
"Tamil Nadu","Thiruvarur","2015-11-19",2015,11,0.0,"IMD GRID MODEL"
"Tamil Nadu","Thiruvarur","2015-11-20",2015,11,0.0,"IMD GRID MODEL"
"Tamil Nadu","Thiruvarur","2015-11-21",2015,11,0.0,"IMD GRID MODEL"
"Tamil Nadu","Thiruvarur","2015-11-22",2015,11,1.7668261852,"IMD GRID MODEL"
"Tamil Nadu","Thiruvarur","2015-11-23",2015,11,0.0,"IMD GRID MODEL"
"Tamil Nadu","Thiruvarur","2015-11-24",2015,11,0.0,"IMD GRID MODEL"
"Tamil Nadu","Thiruvarur","2015-11-25",2015,11,10.2419301376,"IMD GRID MODEL"
"Tamil Nadu","Thiruvarur","2015-11-26",2015,11,0.0,"IMD GRID MODEL"
"Tamil Nadu","Thiruvarur","2015-11-28",2015,11,0.6459851053,"IMD GRID MODEL"
"Tamil Nadu","Thiruvarur","2015-11-29",2015,11,0.038205725,"IMD GRID MODEL"
"Tamil Nadu","Thiruvarur","2015-11-30",2015,11,0.0,"IMD GRID MODEL"
"Tamil Nadu","Thiruvarur","2015-10-01",2015,10,0.0,"IMD GRID MODEL"
"Tamil Nadu","Thiruvarur","2015-10-20",2015,10,0.019167904,"IMD GRID MODEL"
"Tamil Nadu","Thiruvarur","2015-10-02",2015,10,0.5181481883,"IMD GRID MODEL"
"Tamil Nadu","Thiruvarur","2015-10-03",2015,10,0.0,"IMD GRID MODEL"
"Tamil Nadu","Thiruvarur","2015-10-04",2015,10,0.0,"IMD GRID MODEL"
"Tamil Nadu","Thiruvarur","2015-10-05",2015,10,0.1572560736,"IMD GRID MODEL"
"Tamil Nadu","Thiruvarur","2015-10-06",2015,10,0.0659112018,"IMD GRID MODEL"
"Tamil Nadu","Thiruvarur","2015-10-07",2015,10,0.0,"IMD GRID MODEL"
"Tamil Nadu","Thiruvarur","2015-10-08",2015,10,2.4130531694,"IMD GRID MODEL"
"Tamil Nadu","Thiruvarur","2015-10-09",2015,10,0.0421753458,"IMD GRID MODEL"
"Tamil Nadu","Thiruvarur","2015-10-10",2015,10,0.0287518546,"IMD GRID MODEL"
"Tamil Nadu","Thiruvarur","2015-10-11",2015,10,0.0,"IMD GRID MODEL"
"Tamil Nadu","Thiruvarur","2015-10-12",2015,10,0.0,"IMD GRID MODEL"
"Tamil Nadu","Thiruvarur","2015-10-13",2015,10,0.0,"IMD GRID MODEL"
"Tamil Nadu","Thiruvarur","2015-10-14",2015,10,0.0,"IMD GRID MODEL"
"Tamil Nadu","Thiruvarur","2015-10-15",2015,10,0.5053171315,"IMD GRID MODEL"
"Tamil Nadu","Thiruvarur","2015-10-16",2015,10,0.0430261382,"IMD GRID MODEL"
"Tamil Nadu","Thiruvarur","2015-10-17",2015,10,0.0,"IMD GRID MODEL"
"Tamil Nadu","Thiruvarur","2015-10-18",2015,10,0.0,"IMD GRID MODEL"
"Tamil Nadu","Thiruvarur","2015-10-19",2015,10,2.2191717791,"IMD GRID MODEL"
"Tamil Nadu","Thiruvarur","2015-10-21",2015,10,2.7814607184,"IMD GRID MODEL"
"Tamil Nadu","Thiruvarur","2015-10-22",2015,10,0.0140011865,"IMD GRID MODEL"
"Tamil Nadu","Thiruvarur","2015-10-23",2015,10,1.0524549182,"IMD GRID MODEL"
"Tamil Nadu","Thiruvarur","2015-10-24",2015,10,0.0,"IMD GRID MODEL"
"Tamil Nadu","Thiruvarur","2015-10-25",2015,10,0.0,"IMD GRID MODEL"
"Tamil Nadu","Thiruvarur","2015-10-26",2015,10,9.0522971625,"IMD GRID MODEL"
"Tamil Nadu","Thiruvarur","2015-10-27",2015,10,21.32111642,"IMD GRID MODEL"
"Tamil Nadu","Thiruvarur","2015-10-28",2015,10,0.3666399858,"IMD GRID MODEL"
"Tamil Nadu","Thiruvarur","2015-10-29",2015,10,0.0,"IMD GRID MODEL"
"Tamil Nadu","Thiruvarur","2015-10-30",2015,10,0.0,"IMD GRID MODEL"
"Tamil Nadu","Thiruvarur","2015-10-31",2015,10,0.0,"IMD GRID MODEL"
"Tamil Nadu","Thiruvarur","2015-09-12",2015,9,0.0688267417,"IMD GRID MODEL"
"Tamil Nadu","Thiruvarur","2015-09-02",2015,9,0.0,"IMD GRID MODEL"
"Tamil Nadu","Thiruvarur","2015-09-03",2015,9,0.0,"IMD GRID MODEL"
"Tamil Nadu","Thiruvarur","2015-09-04",2015,9,0.1550264511,"IMD GRID MODEL"
"Tamil Nadu","Thiruvarur","2015-09-05",2015,9,0.0,"IMD GRID MODEL"
"Tamil Nadu","Thiruvarur","2015-09-06",2015,9,0.0,"IMD GRID MODEL"
"Tamil Nadu","Thiruvarur","2015-09-07",2015,9,0.0,"IMD GRID MODEL"
"Tamil Nadu","Thiruvarur","2015-09-08",2015,9,0.0427570294,"IMD GRID MODEL"
"Tamil Nadu","Thiruvarur","2015-09-09",2015,9,0.0,"IMD GRID MODEL"
"Tamil Nadu","Thiruvarur","2015-09-10",2015,9,0.0,"IMD GRID MODEL"
"Tamil Nadu","Thiruvarur","2015-09-11",2015,9,0.0,"IMD GRID MODEL"
"Tamil Nadu","Thiruvarur","2015-09-13",2015,9,0.0,"IMD GRID MODEL"
"Tamil Nadu","Thiruvarur","2015-09-14",2015,9,0.0,"IMD GRID MODEL"
"Tamil Nadu","Thiruvarur","2015-09-15",2015,9,0.0,"IMD GRID MODEL"
"Tamil Nadu","Thiruvarur","2015-09-16",2015,9,0.6268474631,"IMD GRID MODEL"
"Tamil Nadu","Thiruvarur","2015-09-17",2015,9,0.0101269203,"IMD GRID MODEL"
"Tamil Nadu","Thiruvarur","2015-09-01",2015,9,0.0,"IMD GRID MODEL"
"Tamil Nadu","Thiruvarur","2015-09-18",2015,9,0.0,"IMD GRID MODEL"
"Tamil Nadu","Thiruvarur","2015-09-20",2015,9,0.1032401176,"IMD GRID MODEL"
"Tamil Nadu","Thiruvarur","2015-09-21",2015,9,0.0595986547,"IMD GRID MODEL"
"Tamil Nadu","Thiruvarur","2015-09-22",2015,9,0.0,"IMD GRID MODEL"
"Tamil Nadu","Thiruvarur","2015-09-23",2015,9,7.4787153586,"IMD GRID MODEL"
"Tamil Nadu","Thiruvarur","2015-09-24",2015,9,0.0,"IMD GRID MODEL"
"Tamil Nadu","Thiruvarur","2015-09-25",2015,9,24.8157016754,"IMD GRID MODEL"
"Tamil Nadu","Thiruvarur","2015-09-26",2015,9,6.3793819379,"IMD GRID MODEL"
"Tamil Nadu","Thiruvarur","2015-09-27",2015,9,5.3303238866,"IMD GRID MODEL"
"Tamil Nadu","Thiruvarur","2015-09-28",2015,9,0.0,"IMD GRID MODEL"
"Tamil Nadu","Thiruvarur","2015-09-29",2015,9,0.0276729485,"IMD GRID MODEL"
"Tamil Nadu","Thiruvarur","2015-09-30",2015,9,1.331993847,"IMD GRID MODEL"
"Tamil Nadu","Thiruvarur","2015-09-19",2015,9,0.0,"IMD GRID MODEL"
"Tamil Nadu","Thiruvarur","2016-04-08",2016,4,0.0,"IMD GRID MODEL"
"Tamil Nadu","Thiruvarur","2016-04-27",2016,4,0.0,"IMD GRID MODEL"
"Tamil Nadu","Thiruvarur","2016-04-02",2016,4,0.0,"IMD GRID MODEL"
"Tamil Nadu","Thiruvarur","2016-04-03",2016,4,0.0,"IMD GRID MODEL"
"Tamil Nadu","Thiruvarur","2016-04-04",2016,4,0.0,"IMD GRID MODEL"
"Tamil Nadu","Thiruvarur","2016-04-05",2016,4,0.0,"IMD GRID MODEL"
"Tamil Nadu","Thiruvarur","2016-04-06",2016,4,0.0,"IMD GRID MODEL"
"Tamil Nadu","Thiruvarur","2016-04-01",2016,4,0.0,"IMD GRID MODEL"
"Tamil Nadu","Thiruvarur","2016-04-07",2016,4,0.0,"IMD GRID MODEL"
"Tamil Nadu","Thiruvarur","2016-04-09",2016,4,0.0,"IMD GRID MODEL"
"Tamil Nadu","Thiruvarur","2016-04-10",2016,4,0.0,"IMD GRID MODEL"
"Tamil Nadu","Thiruvarur","2016-04-11",2016,4,0.0,"IMD GRID MODEL"
"Tamil Nadu","Thiruvarur","2016-04-12",2016,4,0.0,"IMD GRID MODEL"
"Tamil Nadu","Thiruvarur","2016-04-13",2016,4,0.0,"IMD GRID MODEL"
"Tamil Nadu","Thiruvarur","2016-04-14",2016,4,0.0,"IMD GRID MODEL"
"Tamil Nadu","Thiruvarur","2016-04-15",2016,4,0.0,"IMD GRID MODEL"
"Tamil Nadu","Thiruvarur","2016-04-16",2016,4,0.0,"IMD GRID MODEL"
"Tamil Nadu","Thiruvarur","2016-04-17",2016,4,0.0,"IMD GRID MODEL"
"Tamil Nadu","Thiruvarur","2016-04-19",2016,4,0.0,"IMD GRID MODEL"
"Tamil Nadu","Thiruvarur","2016-04-20",2016,4,0.0,"IMD GRID MODEL"
"Tamil Nadu","Thiruvarur","2016-04-21",2016,4,0.0,"IMD GRID MODEL"
"Tamil Nadu","Thiruvarur","2016-04-18",2016,4,0.0,"IMD GRID MODEL"
"Tamil Nadu","Thiruvarur","2016-04-22",2016,4,0.0,"IMD GRID MODEL"
"Tamil Nadu","Thiruvarur","2016-04-23",2016,4,0.0,"IMD GRID MODEL"
"Tamil Nadu","Thiruvarur","2016-04-24",2016,4,0.0,"IMD GRID MODEL"
"Tamil Nadu","Thiruvarur","2016-04-25",2016,4,0.0,"IMD GRID MODEL"
"Tamil Nadu","Thiruvarur","2016-04-26",2016,4,0.0,"IMD GRID MODEL"
"Tamil Nadu","Thiruvarur","2016-04-28",2016,4,0.0,"IMD GRID MODEL"
"Tamil Nadu","Thiruvarur","2016-04-29",2016,4,0.0,"IMD GRID MODEL"
"Tamil Nadu","Thiruvarur","2016-04-30",2016,4,0.0,"IMD GRID MODEL"
"Tamil Nadu","Thiruvarur","2016-08-19",2016,8,0.0,"IMD GRID MODEL"
"Tamil Nadu","Thiruvarur","2016-08-01",2016,8,0.3075788388,"IMD GRID MODEL"
"Tamil Nadu","Thiruvarur","2016-08-02",2016,8,0.0,"IMD GRID MODEL"
"Tamil Nadu","Thiruvarur","2016-08-03",2016,8,0.3408305939,"IMD GRID MODEL"
"Tamil Nadu","Thiruvarur","2016-08-04",2016,8,0.0,"IMD GRID MODEL"
"Tamil Nadu","Thiruvarur","2016-08-05",2016,8,0.0,"IMD GRID MODEL"
"Tamil Nadu","Thiruvarur","2016-08-06",2016,8,0.0,"IMD GRID MODEL"
"Tamil Nadu","Thiruvarur","2016-08-07",2016,8,0.0,"IMD GRID MODEL"
"Tamil Nadu","Thiruvarur","2016-08-08",2016,8,0.0,"IMD GRID MODEL"
"Tamil Nadu","Thiruvarur","2016-08-09",2016,8,4.0606207607,"IMD GRID MODEL"
"Tamil Nadu","Thiruvarur","2016-08-10",2016,8,11.5009625465,"IMD GRID MODEL"
"Tamil Nadu","Thiruvarur","2016-08-11",2016,8,0.0,"IMD GRID MODEL"
"Tamil Nadu","Thiruvarur","2016-08-12",2016,8,3.6970405325,"IMD GRID MODEL"
"Tamil Nadu","Thiruvarur","2016-08-13",2016,8,0.2815828065,"IMD GRID MODEL"
"Tamil Nadu","Thiruvarur","2016-08-15",2016,8,0.0,"IMD GRID MODEL"
"Tamil Nadu","Thiruvarur","2016-08-16",2016,8,5.6316581227,"IMD GRID MODEL"
"Tamil Nadu","Thiruvarur","2016-08-17",2016,8,0.0,"IMD GRID MODEL"
"Tamil Nadu","Thiruvarur","2016-08-14",2016,8,0.0,"IMD GRID MODEL"
"Tamil Nadu","Thiruvarur","2016-08-20",2016,8,0.0,"IMD GRID MODEL"
"Tamil Nadu","Thiruvarur","2016-08-21",2016,8,0.0,"IMD GRID MODEL"
"Tamil Nadu","Thiruvarur","2016-08-18",2016,8,0.0,"IMD GRID MODEL"
"Tamil Nadu","Thiruvarur","2016-08-22",2016,8,0.0,"IMD GRID MODEL"
"Tamil Nadu","Thiruvarur","2016-08-23",2016,8,7.4747619444,"IMD GRID MODEL"
"Tamil Nadu","Thiruvarur","2016-08-24",2016,8,0.0,"IMD GRID MODEL"
"Tamil Nadu","Thiruvarur","2016-08-25",2016,8,0.0,"IMD GRID MODEL"
"Tamil Nadu","Thiruvarur","2016-08-26",2016,8,0.0689446619,"IMD GRID MODEL"
"Tamil Nadu","Thiruvarur","2016-08-27",2016,8,0.148284692,"IMD GRID MODEL"
"Tamil Nadu","Thiruvarur","2016-08-28",2016,8,2.0596891991,"IMD GRID MODEL"
"Tamil Nadu","Thiruvarur","2016-08-29",2016,8,1.0998699354,"IMD GRID MODEL"
"Tamil Nadu","Thiruvarur","2016-08-30",2016,8,0.4451534492,"IMD GRID MODEL"
"Tamil Nadu","Thiruvarur","2016-08-31",2016,8,0.0101269203,"IMD GRID MODEL"
"Tamil Nadu","Thiruvarur","2016-12-11",2016,12,0.0,"IMD GRID MODEL"
"Tamil Nadu","Thiruvarur","2016-12-30",2016,12,0.0,"IMD GRID MODEL"
"Tamil Nadu","Thiruvarur","2016-12-01",2016,12,0.0,"IMD GRID MODEL"
"Tamil Nadu","Thiruvarur","2016-12-02",2016,12,0.0380619913,"IMD GRID MODEL"
"Tamil Nadu","Thiruvarur","2016-12-03",2016,12,0.0,"IMD GRID MODEL"
"Tamil Nadu","Thiruvarur","2016-12-04",2016,12,20.5905984613,"IMD GRID MODEL"
"Tamil Nadu","Thiruvarur","2016-12-05",2016,12,0.0,"IMD GRID MODEL"
"Tamil Nadu","Thiruvarur","2016-12-06",2016,12,0.0,"IMD GRID MODEL"
"Tamil Nadu","Thiruvarur","2016-12-07",2016,12,0.0,"IMD GRID MODEL"
"Tamil Nadu","Thiruvarur","2016-12-08",2016,12,0.0,"IMD GRID MODEL"
"Tamil Nadu","Thiruvarur","2016-12-09",2016,12,0.3875679854,"IMD GRID MODEL"
"Tamil Nadu","Thiruvarur","2016-12-10",2016,12,0.0,"IMD GRID MODEL"
"Tamil Nadu","Thiruvarur","2016-12-12",2016,12,0.0,"IMD GRID MODEL"
"Tamil Nadu","Thiruvarur","2016-12-13",2016,12,0.0,"IMD GRID MODEL"
"Tamil Nadu","Thiruvarur","2016-12-14",2016,12,0.0,"IMD GRID MODEL"
"Tamil Nadu","Thiruvarur","2016-12-15",2016,12,0.0,"IMD GRID MODEL"
"Tamil Nadu","Thiruvarur","2016-12-17",2016,12,0.0013477165,"IMD GRID MODEL"
"Tamil Nadu","Thiruvarur","2016-12-18",2016,12,0.0,"IMD GRID MODEL"
"Tamil Nadu","Thiruvarur","2016-12-19",2016,12,0.0,"IMD GRID MODEL"
"Tamil Nadu","Thiruvarur","2016-12-20",2016,12,0.0,"IMD GRID MODEL"
"Tamil Nadu","Thiruvarur","2016-12-16",2016,12,5.8970835149,"IMD GRID MODEL"
"Tamil Nadu","Thiruvarur","2016-12-21",2016,12,0.0,"IMD GRID MODEL"
"Tamil Nadu","Thiruvarur","2016-12-22",2016,12,0.0,"IMD GRID MODEL"
"Tamil Nadu","Thiruvarur","2016-12-23",2016,12,0.0,"IMD GRID MODEL"
"Tamil Nadu","Thiruvarur","2016-12-24",2016,12,0.0,"IMD GRID MODEL"
"Tamil Nadu","Thiruvarur","2016-12-25",2016,12,0.0017969553,"IMD GRID MODEL"
"Tamil Nadu","Thiruvarur","2016-12-26",2016,12,1.2454832757,"IMD GRID MODEL"
"Tamil Nadu","Thiruvarur","2016-12-27",2016,12,0.0611238747,"IMD GRID MODEL"
"Tamil Nadu","Thiruvarur","2016-12-28",2016,12,3.3072346716,"IMD GRID MODEL"
"Tamil Nadu","Thiruvarur","2016-12-29",2016,12,1.5059909362,"IMD GRID MODEL"
"Tamil Nadu","Thiruvarur","2016-12-31",2016,12,0.0,"IMD GRID MODEL"
"Tamil Nadu","Thiruvarur","2016-02-11",2016,2,0.0,"IMD GRID MODEL"
"Tamil Nadu","Thiruvarur","2016-02-02",2016,2,0.0,"IMD GRID MODEL"
"Tamil Nadu","Thiruvarur","2016-02-03",2016,2,0.0,"IMD GRID MODEL"
"Tamil Nadu","Thiruvarur","2016-02-04",2016,2,0.0,"IMD GRID MODEL"
"Tamil Nadu","Thiruvarur","2016-02-05",2016,2,10.1318354386,"IMD GRID MODEL"
"Tamil Nadu","Thiruvarur","2016-02-01",2016,2,0.0,"IMD GRID MODEL"
"Tamil Nadu","Thiruvarur","2016-02-06",2016,2,20.1112970143,"IMD GRID MODEL"
"Tamil Nadu","Thiruvarur","2016-02-07",2016,2,1.796449668,"IMD GRID MODEL"
"Tamil Nadu","Thiruvarur","2016-02-08",2016,2,0.0098872855,"IMD GRID MODEL"
"Tamil Nadu","Thiruvarur","2016-02-09",2016,2,0.0305407365,"IMD GRID MODEL"
"Tamil Nadu","Thiruvarur","2016-02-10",2016,2,0.0,"IMD GRID MODEL"
"Tamil Nadu","Thiruvarur","2016-02-12",2016,2,0.0,"IMD GRID MODEL"
"Tamil Nadu","Thiruvarur","2016-02-13",2016,2,0.0,"IMD GRID MODEL"
"Tamil Nadu","Thiruvarur","2016-02-14",2016,2,0.0,"IMD GRID MODEL"
"Tamil Nadu","Thiruvarur","2016-02-15",2016,2,0.0,"IMD GRID MODEL"
"Tamil Nadu","Thiruvarur","2016-02-16",2016,2,0.0,"IMD GRID MODEL"
"Tamil Nadu","Thiruvarur","2016-02-17",2016,2,0.0,"IMD GRID MODEL"
"Tamil Nadu","Thiruvarur","2016-02-18",2016,2,0.0,"IMD GRID MODEL"
"Tamil Nadu","Thiruvarur","2016-02-19",2016,2,0.0,"IMD GRID MODEL"
"Tamil Nadu","Thiruvarur","2016-02-20",2016,2,0.0,"IMD GRID MODEL"
"Tamil Nadu","Thiruvarur","2016-02-21",2016,2,0.0,"IMD GRID MODEL"
"Tamil Nadu","Thiruvarur","2016-02-22",2016,2,0.0,"IMD GRID MODEL"
"Tamil Nadu","Thiruvarur","2016-02-23",2016,2,0.0,"IMD GRID MODEL"
"Tamil Nadu","Thiruvarur","2016-02-24",2016,2,1.7258263354,"IMD GRID MODEL"
"Tamil Nadu","Thiruvarur","2016-02-25",2016,2,11.9515728468,"IMD GRID MODEL"
"Tamil Nadu","Thiruvarur","2016-02-26",2016,2,0.0,"IMD GRID MODEL"
"Tamil Nadu","Thiruvarur","2016-02-27",2016,2,0.0,"IMD GRID MODEL"
"Tamil Nadu","Thiruvarur","2016-02-28",2016,2,0.0,"IMD GRID MODEL"
"Tamil Nadu","Thiruvarur","2016-02-29",2016,2,0.0,"IMD GRID MODEL"
"Tamil Nadu","Thiruvarur","2016-01-04",2016,1,14.7969757858,"IMD GRID MODEL"
"Tamil Nadu","Thiruvarur","2016-01-23",2016,1,33.1537819765,"IMD GRID MODEL"
"Tamil Nadu","Thiruvarur","2016-01-01",2016,1,0.0,"IMD GRID MODEL"
"Tamil Nadu","Thiruvarur","2016-01-02",2016,1,0.0,"IMD GRID MODEL"
"Tamil Nadu","Thiruvarur","2016-01-03",2016,1,0.0,"IMD GRID MODEL"
"Tamil Nadu","Thiruvarur","2016-01-05",2016,1,9.7873652196,"IMD GRID MODEL"
"Tamil Nadu","Thiruvarur","2016-01-06",2016,1,4.3492167237,"IMD GRID MODEL"
"Tamil Nadu","Thiruvarur","2016-01-07",2016,1,1.9871571835,"IMD GRID MODEL"
"Tamil Nadu","Thiruvarur","2016-01-08",2016,1,41.4917221691,"IMD GRID MODEL"
"Tamil Nadu","Thiruvarur","2016-01-09",2016,1,1.8691717995,"IMD GRID MODEL"
"Tamil Nadu","Thiruvarur","2016-01-10",2016,1,0.0,"IMD GRID MODEL"
"Tamil Nadu","Thiruvarur","2016-01-11",2016,1,0.0737493351,"IMD GRID MODEL"
"Tamil Nadu","Thiruvarur","2016-01-12",2016,1,0.1662980555,"IMD GRID MODEL"
"Tamil Nadu","Thiruvarur","2016-01-13",2016,1,0.0,"IMD GRID MODEL"
"Tamil Nadu","Thiruvarur","2016-01-14",2016,1,0.0,"IMD GRID MODEL"
"Tamil Nadu","Thiruvarur","2016-01-15",2016,1,0.0,"IMD GRID MODEL"
"Tamil Nadu","Thiruvarur","2016-01-16",2016,1,0.0,"IMD GRID MODEL"
"Tamil Nadu","Thiruvarur","2016-01-17",2016,1,0.0,"IMD GRID MODEL"
"Tamil Nadu","Thiruvarur","2016-01-19",2016,1,12.1573444575,"IMD GRID MODEL"
"Tamil Nadu","Thiruvarur","2016-01-20",2016,1,0.98712637,"IMD GRID MODEL"
"Tamil Nadu","Thiruvarur","2016-01-21",2016,1,0.7086577339,"IMD GRID MODEL"
"Tamil Nadu","Thiruvarur","2016-01-18",2016,1,11.6608552965,"IMD GRID MODEL"
"Tamil Nadu","Thiruvarur","2016-01-22",2016,1,2.0118867471,"IMD GRID MODEL"
"Tamil Nadu","Thiruvarur","2016-01-24",2016,1,1.0214003929,"IMD GRID MODEL"
"Tamil Nadu","Thiruvarur","2016-01-25",2016,1,2.1334873296,"IMD GRID MODEL"
"Tamil Nadu","Thiruvarur","2016-01-26",2016,1,4.8206287472,"IMD GRID MODEL"
"Tamil Nadu","Thiruvarur","2016-01-27",2016,1,0.0075951896,"IMD GRID MODEL"
"Tamil Nadu","Thiruvarur","2016-01-28",2016,1,0.0,"IMD GRID MODEL"
"Tamil Nadu","Thiruvarur","2016-01-29",2016,1,0.0,"IMD GRID MODEL"
"Tamil Nadu","Thiruvarur","2016-01-30",2016,1,0.0,"IMD GRID MODEL"
"Tamil Nadu","Thiruvarur","2016-01-31",2016,1,0.0,"IMD GRID MODEL"
"Tamil Nadu","Thiruvarur","2016-07-12",2016,7,0.0,"IMD GRID MODEL"
"Tamil Nadu","Thiruvarur","2016-07-31",2016,7,0.0,"IMD GRID MODEL"
"Tamil Nadu","Thiruvarur","2016-07-02",2016,7,0.0,"IMD GRID MODEL"
"Tamil Nadu","Thiruvarur","2016-07-03",2016,7,0.0,"IMD GRID MODEL"
"Tamil Nadu","Thiruvarur","2016-07-04",2016,7,0.0,"IMD GRID MODEL"
"Tamil Nadu","Thiruvarur","2016-07-05",2016,7,0.0,"IMD GRID MODEL"
"Tamil Nadu","Thiruvarur","2016-07-06",2016,7,0.0,"IMD GRID MODEL"
"Tamil Nadu","Thiruvarur","2016-07-07",2016,7,0.0,"IMD GRID MODEL"
"Tamil Nadu","Thiruvarur","2016-07-08",2016,7,0.0,"IMD GRID MODEL"
"Tamil Nadu","Thiruvarur","2016-07-09",2016,7,0.2907619684,"IMD GRID MODEL"
"Tamil Nadu","Thiruvarur","2016-07-10",2016,7,0.0420685211,"IMD GRID MODEL"
"Tamil Nadu","Thiruvarur","2016-07-11",2016,7,0.0,"IMD GRID MODEL"
"Tamil Nadu","Thiruvarur","2016-07-01",2016,7,0.0,"IMD GRID MODEL"
"Tamil Nadu","Thiruvarur","2016-07-13",2016,7,0.0,"IMD GRID MODEL"
"Tamil Nadu","Thiruvarur","2016-07-14",2016,7,0.0,"IMD GRID MODEL"
"Tamil Nadu","Thiruvarur","2016-07-15",2016,7,0.0130677747,"IMD GRID MODEL"
"Tamil Nadu","Thiruvarur","2016-07-16",2016,7,0.0600978824,"IMD GRID MODEL"
"Tamil Nadu","Thiruvarur","2016-07-17",2016,7,0.3428504159,"IMD GRID MODEL"
"Tamil Nadu","Thiruvarur","2016-07-18",2016,7,0.0,"IMD GRID MODEL"
"Tamil Nadu","Thiruvarur","2016-07-19",2016,7,4.0106346065,"IMD GRID MODEL"
"Tamil Nadu","Thiruvarur","2016-07-20",2016,7,25.1585227942,"IMD GRID MODEL"
"Tamil Nadu","Thiruvarur","2016-07-21",2016,7,87.3026998419,"IMD GRID MODEL"
"Tamil Nadu","Thiruvarur","2016-07-22",2016,7,0.2572750017,"IMD GRID MODEL"
"Tamil Nadu","Thiruvarur","2016-07-23",2016,7,8.4079549711,"IMD GRID MODEL"
"Tamil Nadu","Thiruvarur","2016-07-24",2016,7,46.1306493773,"IMD GRID MODEL"
"Tamil Nadu","Thiruvarur","2016-07-26",2016,7,0.0,"IMD GRID MODEL"
"Tamil Nadu","Thiruvarur","2016-07-27",2016,7,0.0,"IMD GRID MODEL"
"Tamil Nadu","Thiruvarur","2016-07-28",2016,7,0.0,"IMD GRID MODEL"
"Tamil Nadu","Thiruvarur","2016-07-29",2016,7,0.0,"IMD GRID MODEL"
"Tamil Nadu","Thiruvarur","2016-07-30",2016,7,0.0,"IMD GRID MODEL"
"Tamil Nadu","Thiruvarur","2016-07-25",2016,7,0.0,"IMD GRID MODEL"
"Tamil Nadu","Thiruvarur","2016-06-04",2016,6,0.0,"IMD GRID MODEL"
"Tamil Nadu","Thiruvarur","2016-06-23",2016,6,0.0035939106,"IMD GRID MODEL"
"Tamil Nadu","Thiruvarur","2016-06-01",2016,6,0.0,"IMD GRID MODEL"
"Tamil Nadu","Thiruvarur","2016-06-02",2016,6,0.0,"IMD GRID MODEL"
"Tamil Nadu","Thiruvarur","2016-06-03",2016,6,0.0,"IMD GRID MODEL"
"Tamil Nadu","Thiruvarur","2016-06-05",2016,6,0.0,"IMD GRID MODEL"
"Tamil Nadu","Thiruvarur","2016-06-06",2016,6,0.0,"IMD GRID MODEL"
"Tamil Nadu","Thiruvarur","2016-06-07",2016,6,0.0,"IMD GRID MODEL"
"Tamil Nadu","Thiruvarur","2016-06-08",2016,6,0.0,"IMD GRID MODEL"
"Tamil Nadu","Thiruvarur","2016-06-09",2016,6,0.0,"IMD GRID MODEL"
"Tamil Nadu","Thiruvarur","2016-06-10",2016,6,0.0,"IMD GRID MODEL"
"Tamil Nadu","Thiruvarur","2016-06-11",2016,6,0.0,"IMD GRID MODEL"
"Tamil Nadu","Thiruvarur","2016-06-12",2016,6,0.0,"IMD GRID MODEL"
"Tamil Nadu","Thiruvarur","2016-06-13",2016,6,0.0,"IMD GRID MODEL"
"Tamil Nadu","Thiruvarur","2016-06-14",2016,6,0.0,"IMD GRID MODEL"
"Tamil Nadu","Thiruvarur","2016-06-15",2016,6,0.0,"IMD GRID MODEL"
"Tamil Nadu","Thiruvarur","2016-06-16",2016,6,0.0,"IMD GRID MODEL"
"Tamil Nadu","Thiruvarur","2016-06-17",2016,6,0.0,"IMD GRID MODEL"
"Tamil Nadu","Thiruvarur","2016-06-18",2016,6,0.0,"IMD GRID MODEL"
"Tamil Nadu","Thiruvarur","2016-06-19",2016,6,0.0,"IMD GRID MODEL"
"Tamil Nadu","Thiruvarur","2016-06-20",2016,6,0.0,"IMD GRID MODEL"
"Tamil Nadu","Thiruvarur","2016-06-21",2016,6,0.0,"IMD GRID MODEL"
"Tamil Nadu","Thiruvarur","2016-06-22",2016,6,0.0,"IMD GRID MODEL"
"Tamil Nadu","Thiruvarur","2016-06-24",2016,6,0.0,"IMD GRID MODEL"
"Tamil Nadu","Thiruvarur","2016-06-25",2016,6,0.0,"IMD GRID MODEL"
"Tamil Nadu","Thiruvarur","2016-06-26",2016,6,0.0,"IMD GRID MODEL"
"Tamil Nadu","Thiruvarur","2016-06-27",2016,6,0.0,"IMD GRID MODEL"
"Tamil Nadu","Thiruvarur","2016-06-28",2016,6,0.0,"IMD GRID MODEL"
"Tamil Nadu","Thiruvarur","2016-06-29",2016,6,0.0,"IMD GRID MODEL"
"Tamil Nadu","Thiruvarur","2016-06-30",2016,6,0.0,"IMD GRID MODEL"
"Tamil Nadu","Thiruvarur","2016-03-01",2016,3,0.0,"IMD GRID MODEL"
"Tamil Nadu","Thiruvarur","2016-03-20",2016,3,0.0,"IMD GRID MODEL"
"Tamil Nadu","Thiruvarur","2016-03-02",2016,3,0.0,"IMD GRID MODEL"
"Tamil Nadu","Thiruvarur","2016-03-03",2016,3,29.054392003,"IMD GRID MODEL"
"Tamil Nadu","Thiruvarur","2016-03-04",2016,3,14.3032549127,"IMD GRID MODEL"
"Tamil Nadu","Thiruvarur","2016-03-05",2016,3,0.0,"IMD GRID MODEL"
"Tamil Nadu","Thiruvarur","2016-03-06",2016,3,0.0,"IMD GRID MODEL"
"Tamil Nadu","Thiruvarur","2016-03-07",2016,3,0.0,"IMD GRID MODEL"
"Tamil Nadu","Thiruvarur","2016-03-08",2016,3,0.0,"IMD GRID MODEL"
"Tamil Nadu","Thiruvarur","2016-03-10",2016,3,0.0,"IMD GRID MODEL"
"Tamil Nadu","Thiruvarur","2016-03-11",2016,3,0.0,"IMD GRID MODEL"
"Tamil Nadu","Thiruvarur","2016-03-09",2016,3,0.0,"IMD GRID MODEL"
"Tamil Nadu","Thiruvarur","2016-03-12",2016,3,0.0,"IMD GRID MODEL"
"Tamil Nadu","Thiruvarur","2016-03-13",2016,3,0.0,"IMD GRID MODEL"
"Tamil Nadu","Thiruvarur","2016-03-14",2016,3,0.0,"IMD GRID MODEL"
"Tamil Nadu","Thiruvarur","2016-03-15",2016,3,0.0,"IMD GRID MODEL"
"Tamil Nadu","Thiruvarur","2016-03-16",2016,3,0.0,"IMD GRID MODEL"
"Tamil Nadu","Thiruvarur","2016-03-17",2016,3,0.0,"IMD GRID MODEL"
"Tamil Nadu","Thiruvarur","2016-03-18",2016,3,0.0,"IMD GRID MODEL"
"Tamil Nadu","Thiruvarur","2016-03-19",2016,3,0.0,"IMD GRID MODEL"
"Tamil Nadu","Thiruvarur","2016-03-21",2016,3,0.0,"IMD GRID MODEL"
"Tamil Nadu","Thiruvarur","2016-03-22",2016,3,0.0,"IMD GRID MODEL"
"Tamil Nadu","Thiruvarur","2016-03-23",2016,3,0.0,"IMD GRID MODEL"
"Tamil Nadu","Thiruvarur","2016-03-24",2016,3,0.0,"IMD GRID MODEL"
"Tamil Nadu","Thiruvarur","2016-03-25",2016,3,0.0,"IMD GRID MODEL"
"Tamil Nadu","Thiruvarur","2016-03-26",2016,3,0.0,"IMD GRID MODEL"
"Tamil Nadu","Thiruvarur","2016-03-27",2016,3,0.0,"IMD GRID MODEL"
"Tamil Nadu","Thiruvarur","2016-03-28",2016,3,0.0,"IMD GRID MODEL"
"Tamil Nadu","Thiruvarur","2016-03-29",2016,3,0.0,"IMD GRID MODEL"
"Tamil Nadu","Thiruvarur","2016-03-30",2016,3,0.1959777197,"IMD GRID MODEL"
"Tamil Nadu","Thiruvarur","2016-03-31",2016,3,0.0,"IMD GRID MODEL"
"Tamil Nadu","Thiruvarur","2016-05-16",2016,5,0.0,"IMD GRID MODEL"
"Tamil Nadu","Thiruvarur","2016-05-01",2016,5,0.0,"IMD GRID MODEL"
"Tamil Nadu","Thiruvarur","2016-05-02",2016,5,0.0,"IMD GRID MODEL"
"Tamil Nadu","Thiruvarur","2016-05-03",2016,5,0.0,"IMD GRID MODEL"
"Tamil Nadu","Thiruvarur","2016-05-04",2016,5,0.0,"IMD GRID MODEL"
"Tamil Nadu","Thiruvarur","2016-05-05",2016,5,0.0,"IMD GRID MODEL"
"Tamil Nadu","Thiruvarur","2016-05-07",2016,5,0.0,"IMD GRID MODEL"
"Tamil Nadu","Thiruvarur","2016-05-08",2016,5,0.0,"IMD GRID MODEL"
"Tamil Nadu","Thiruvarur","2016-05-09",2016,5,0.0891743051,"IMD GRID MODEL"
"Tamil Nadu","Thiruvarur","2016-05-10",2016,5,0.0,"IMD GRID MODEL"
"Tamil Nadu","Thiruvarur","2016-05-06",2016,5,0.0,"IMD GRID MODEL"
"Tamil Nadu","Thiruvarur","2016-05-11",2016,5,0.0,"IMD GRID MODEL"
"Tamil Nadu","Thiruvarur","2016-05-12",2016,5,0.0,"IMD GRID MODEL"
"Tamil Nadu","Thiruvarur","2016-05-13",2016,5,0.0,"IMD GRID MODEL"
"Tamil Nadu","Thiruvarur","2016-05-14",2016,5,0.0,"IMD GRID MODEL"
"Tamil Nadu","Thiruvarur","2016-05-15",2016,5,0.0,"IMD GRID MODEL"
"Tamil Nadu","Thiruvarur","2016-05-17",2016,5,0.0,"IMD GRID MODEL"
"Tamil Nadu","Thiruvarur","2016-05-18",2016,5,0.0,"IMD GRID MODEL"
"Tamil Nadu","Thiruvarur","2016-05-19",2016,5,0.0,"IMD GRID MODEL"
"Tamil Nadu","Thiruvarur","2016-05-20",2016,5,0.0,"IMD GRID MODEL"
"Tamil Nadu","Thiruvarur","2016-05-21",2016,5,0.0,"IMD GRID MODEL"
"Tamil Nadu","Thiruvarur","2016-05-22",2016,5,0.0,"IMD GRID MODEL"
"Tamil Nadu","Thiruvarur","2016-05-23",2016,5,0.0,"IMD GRID MODEL"
"Tamil Nadu","Thiruvarur","2016-05-24",2016,5,0.0,"IMD GRID MODEL"
"Tamil Nadu","Thiruvarur","2016-05-25",2016,5,0.0,"IMD GRID MODEL"
"Tamil Nadu","Thiruvarur","2016-05-26",2016,5,0.0,"IMD GRID MODEL"
"Tamil Nadu","Thiruvarur","2016-05-27",2016,5,0.0,"IMD GRID MODEL"
"Tamil Nadu","Thiruvarur","2016-05-28",2016,5,0.0,"IMD GRID MODEL"
"Tamil Nadu","Thiruvarur","2016-05-29",2016,5,0.0,"IMD GRID MODEL"
"Tamil Nadu","Thiruvarur","2016-05-30",2016,5,0.0,"IMD GRID MODEL"
"Tamil Nadu","Thiruvarur","2016-05-31",2016,5,0.0,"IMD GRID MODEL"
"Tamil Nadu","Thiruvarur","2016-11-03",2016,11,12.5394542543,"IMD GRID MODEL"
"Tamil Nadu","Thiruvarur","2016-11-22",2016,11,0.0,"IMD GRID MODEL"
"Tamil Nadu","Thiruvarur","2016-11-01",2016,11,1.0539412274,"IMD GRID MODEL"
"Tamil Nadu","Thiruvarur","2016-11-02",2016,11,5.5895687956,"IMD GRID MODEL"
"Tamil Nadu","Thiruvarur","2016-11-04",2016,11,8.5804268866,"IMD GRID MODEL"
"Tamil Nadu","Thiruvarur","2016-11-05",2016,11,17.0526915361,"IMD GRID MODEL"
"Tamil Nadu","Thiruvarur","2016-11-06",2016,11,2.5786774103,"IMD GRID MODEL"
"Tamil Nadu","Thiruvarur","2016-11-07",2016,11,4.0453250422,"IMD GRID MODEL"
"Tamil Nadu","Thiruvarur","2016-11-09",2016,11,0.0015723358,"IMD GRID MODEL"
"Tamil Nadu","Thiruvarur","2016-11-10",2016,11,0.0,"IMD GRID MODEL"
"Tamil Nadu","Thiruvarur","2016-11-11",2016,11,1.2951882354,"IMD GRID MODEL"
"Tamil Nadu","Thiruvarur","2016-11-12",2016,11,0.0,"IMD GRID MODEL"
"Tamil Nadu","Thiruvarur","2016-11-13",2016,11,0.0,"IMD GRID MODEL"
"Tamil Nadu","Thiruvarur","2016-11-14",2016,11,0.0,"IMD GRID MODEL"
"Tamil Nadu","Thiruvarur","2016-11-15",2016,11,0.0,"IMD GRID MODEL"
"Tamil Nadu","Thiruvarur","2016-11-16",2016,11,0.0,"IMD GRID MODEL"
"Tamil Nadu","Thiruvarur","2016-11-17",2016,11,3.2956031443,"IMD GRID MODEL"
"Tamil Nadu","Thiruvarur","2016-11-18",2016,11,0.4595467329,"IMD GRID MODEL"
"Tamil Nadu","Thiruvarur","2016-11-19",2016,11,1.05706652,"IMD GRID MODEL"
"Tamil Nadu","Thiruvarur","2016-11-20",2016,11,0.0,"IMD GRID MODEL"
"Tamil Nadu","Thiruvarur","2016-11-21",2016,11,0.0205350731,"IMD GRID MODEL"
"Tamil Nadu","Thiruvarur","2016-11-08",2016,11,0.0,"IMD GRID MODEL"
"Tamil Nadu","Thiruvarur","2016-11-23",2016,11,0.0,"IMD GRID MODEL"
"Tamil Nadu","Thiruvarur","2016-11-24",2016,11,0.0,"IMD GRID MODEL"
"Tamil Nadu","Thiruvarur","2016-11-25",2016,11,0.0,"IMD GRID MODEL"
"Tamil Nadu","Thiruvarur","2016-11-26",2016,11,0.0,"IMD GRID MODEL"
"Tamil Nadu","Thiruvarur","2016-11-27",2016,11,0.0,"IMD GRID MODEL"
"Tamil Nadu","Thiruvarur","2016-11-28",2016,11,0.0,"IMD GRID MODEL"
"Tamil Nadu","Thiruvarur","2016-11-29",2016,11,0.0,"IMD GRID MODEL"
"Tamil Nadu","Thiruvarur","2016-11-30",2016,11,0.0,"IMD GRID MODEL"
"Tamil Nadu","Thiruvarur","2016-10-15",2016,10,1.4162913938,"IMD GRID MODEL"
"Tamil Nadu","Thiruvarur","2016-10-01",2016,10,4.8747412124,"IMD GRID MODEL"
"Tamil Nadu","Thiruvarur","2016-10-02",2016,10,11.2477250509,"IMD GRID MODEL"
"Tamil Nadu","Thiruvarur","2016-10-03",2016,10,0.2966345812,"IMD GRID MODEL"
"Tamil Nadu","Thiruvarur","2016-10-04",2016,10,0.3058776605,"IMD GRID MODEL"
"Tamil Nadu","Thiruvarur","2016-10-05",2016,10,0.0,"IMD GRID MODEL"
"Tamil Nadu","Thiruvarur","2016-10-06",2016,10,0.0,"IMD GRID MODEL"
"Tamil Nadu","Thiruvarur","2016-10-07",2016,10,0.0,"IMD GRID MODEL"
"Tamil Nadu","Thiruvarur","2016-10-08",2016,10,0.0,"IMD GRID MODEL"
"Tamil Nadu","Thiruvarur","2016-10-09",2016,10,0.0,"IMD GRID MODEL"
"Tamil Nadu","Thiruvarur","2016-10-10",2016,10,0.0,"IMD GRID MODEL"
"Tamil Nadu","Thiruvarur","2016-10-11",2016,10,0.0,"IMD GRID MODEL"
"Tamil Nadu","Thiruvarur","2016-10-12",2016,10,0.0,"IMD GRID MODEL"
"Tamil Nadu","Thiruvarur","2016-10-13",2016,10,0.0,"IMD GRID MODEL"
"Tamil Nadu","Thiruvarur","2016-10-14",2016,10,0.0165069348,"IMD GRID MODEL"
"Tamil Nadu","Thiruvarur","2016-10-16",2016,10,0.0,"IMD GRID MODEL"
"Tamil Nadu","Thiruvarur","2016-10-17",2016,10,0.4655111054,"IMD GRID MODEL"
"Tamil Nadu","Thiruvarur","2016-10-18",2016,10,0.5425768728,"IMD GRID MODEL"
"Tamil Nadu","Thiruvarur","2016-10-19",2016,10,0.0098872855,"IMD GRID MODEL"
"Tamil Nadu","Thiruvarur","2016-10-20",2016,10,0.0,"IMD GRID MODEL"
"Tamil Nadu","Thiruvarur","2016-10-21",2016,10,0.0,"IMD GRID MODEL"
"Tamil Nadu","Thiruvarur","2016-10-22",2016,10,0.3303683917,"IMD GRID MODEL"
"Tamil Nadu","Thiruvarur","2016-10-23",2016,10,0.9364018658,"IMD GRID MODEL"
"Tamil Nadu","Thiruvarur","2016-10-24",2016,10,0.0,"IMD GRID MODEL"
"Tamil Nadu","Thiruvarur","2016-10-25",2016,10,0.1138040763,"IMD GRID MODEL"
"Tamil Nadu","Thiruvarur","2016-10-26",2016,10,1.6226449004,"IMD GRID MODEL"
"Tamil Nadu","Thiruvarur","2016-10-27",2016,10,0.1499116695,"IMD GRID MODEL"
"Tamil Nadu","Thiruvarur","2016-10-28",2016,10,1.5735004069,"IMD GRID MODEL"
"Tamil Nadu","Thiruvarur","2016-10-29",2016,10,2.1854813795,"IMD GRID MODEL"
"Tamil Nadu","Thiruvarur","2016-10-30",2016,10,1.8815584167,"IMD GRID MODEL"
"Tamil Nadu","Thiruvarur","2016-10-31",2016,10,6.4405010195,"IMD GRID MODEL"
"Tamil Nadu","Thiruvarur","2016-09-07",2016,9,0.0,"IMD GRID MODEL"
"Tamil Nadu","Thiruvarur","2016-09-26",2016,9,0.0,"IMD GRID MODEL"
"Tamil Nadu","Thiruvarur","2016-09-01",2016,9,0.027080647,"IMD GRID MODEL"
"Tamil Nadu","Thiruvarur","2016-09-02",2016,9,0.0,"IMD GRID MODEL"
"Tamil Nadu","Thiruvarur","2016-09-03",2016,9,0.0,"IMD GRID MODEL"
"Tamil Nadu","Thiruvarur","2016-09-04",2016,9,0.0,"IMD GRID MODEL"
"Tamil Nadu","Thiruvarur","2016-09-05",2016,9,0.0126586493,"IMD GRID MODEL"
"Tamil Nadu","Thiruvarur","2016-09-06",2016,9,0.0,"IMD GRID MODEL"
"Tamil Nadu","Thiruvarur","2016-09-08",2016,9,0.0247182122,"IMD GRID MODEL"
"Tamil Nadu","Thiruvarur","2016-09-09",2016,9,0.0,"IMD GRID MODEL"
"Tamil Nadu","Thiruvarur","2016-09-10",2016,9,8.9883092669,"IMD GRID MODEL"
"Tamil Nadu","Thiruvarur","2016-09-11",2016,9,0.0,"IMD GRID MODEL"
"Tamil Nadu","Thiruvarur","2016-09-12",2016,9,0.0006738583,"IMD GRID MODEL"
"Tamil Nadu","Thiruvarur","2016-09-13",2016,9,0.0,"IMD GRID MODEL"
"Tamil Nadu","Thiruvarur","2016-09-14",2016,9,0.0,"IMD GRID MODEL"
"Tamil Nadu","Thiruvarur","2016-09-15",2016,9,0.0,"IMD GRID MODEL"
"Tamil Nadu","Thiruvarur","2016-09-16",2016,9,0.0,"IMD GRID MODEL"
"Tamil Nadu","Thiruvarur","2016-09-17",2016,9,0.0,"IMD GRID MODEL"
"Tamil Nadu","Thiruvarur","2016-09-18",2016,9,0.0,"IMD GRID MODEL"
"Tamil Nadu","Thiruvarur","2016-09-19",2016,9,0.0065338874,"IMD GRID MODEL"
"Tamil Nadu","Thiruvarur","2016-09-20",2016,9,0.7860822928,"IMD GRID MODEL"
"Tamil Nadu","Thiruvarur","2016-09-21",2016,9,2.5027046007,"IMD GRID MODEL"
"Tamil Nadu","Thiruvarur","2016-09-22",2016,9,0.9862387092,"IMD GRID MODEL"
"Tamil Nadu","Thiruvarur","2016-09-23",2016,9,0.859650769,"IMD GRID MODEL"
"Tamil Nadu","Thiruvarur","2016-09-24",2016,9,5.7677310582,"IMD GRID MODEL"
"Tamil Nadu","Thiruvarur","2016-09-25",2016,9,0.0,"IMD GRID MODEL"
"Tamil Nadu","Thiruvarur","2016-09-27",2016,9,0.0,"IMD GRID MODEL"
"Tamil Nadu","Thiruvarur","2016-09-28",2016,9,0.0,"IMD GRID MODEL"
"Tamil Nadu","Thiruvarur","2016-09-29",2016,9,12.6811575246,"IMD GRID MODEL"
"Tamil Nadu","Thiruvarur","2016-09-30",2016,9,0.216771421,"IMD GRID MODEL"
"Tamil Nadu","Thiruvarur","2017-04-04",2017,4,2.2238432502,"IMD GRID MODEL"
"Tamil Nadu","Thiruvarur","2017-04-23",2017,4,0.0,"IMD GRID MODEL"
"Tamil Nadu","Thiruvarur","2017-04-01",2017,4,14.917321238,"IMD GRID MODEL"
"Tamil Nadu","Thiruvarur","2017-04-02",2017,4,14.9707188316,"IMD GRID MODEL"
"Tamil Nadu","Thiruvarur","2017-04-03",2017,4,2.0145792643,"IMD GRID MODEL"
"Tamil Nadu","Thiruvarur","2017-04-05",2017,4,0.0,"IMD GRID MODEL"
"Tamil Nadu","Thiruvarur","2017-04-06",2017,4,0.0,"IMD GRID MODEL"
"Tamil Nadu","Thiruvarur","2017-04-07",2017,4,0.0,"IMD GRID MODEL"
"Tamil Nadu","Thiruvarur","2017-04-08",2017,4,0.0,"IMD GRID MODEL"
"Tamil Nadu","Thiruvarur","2017-04-09",2017,4,0.0,"IMD GRID MODEL"
"Tamil Nadu","Thiruvarur","2017-04-10",2017,4,0.0,"IMD GRID MODEL"
"Tamil Nadu","Thiruvarur","2017-04-11",2017,4,0.0,"IMD GRID MODEL"
"Tamil Nadu","Thiruvarur","2017-04-12",2017,4,0.0,"IMD GRID MODEL"
"Tamil Nadu","Thiruvarur","2017-04-13",2017,4,0.0,"IMD GRID MODEL"
"Tamil Nadu","Thiruvarur","2017-04-14",2017,4,0.0,"IMD GRID MODEL"
"Tamil Nadu","Thiruvarur","2017-04-15",2017,4,0.0,"IMD GRID MODEL"
"Tamil Nadu","Thiruvarur","2017-04-16",2017,4,0.0,"IMD GRID MODEL"
"Tamil Nadu","Thiruvarur","2017-04-17",2017,4,0.0,"IMD GRID MODEL"
"Tamil Nadu","Thiruvarur","2017-04-18",2017,4,0.0,"IMD GRID MODEL"
"Tamil Nadu","Thiruvarur","2017-04-20",2017,4,0.2646351416,"IMD GRID MODEL"
"Tamil Nadu","Thiruvarur","2017-04-21",2017,4,0.0098872855,"IMD GRID MODEL"
"Tamil Nadu","Thiruvarur","2017-04-22",2017,4,0.0,"IMD GRID MODEL"
"Tamil Nadu","Thiruvarur","2017-04-19",2017,4,2.3459566863,"IMD GRID MODEL"
"Tamil Nadu","Thiruvarur","2017-04-24",2017,4,0.0,"IMD GRID MODEL"
"Tamil Nadu","Thiruvarur","2017-04-25",2017,4,0.0,"IMD GRID MODEL"
"Tamil Nadu","Thiruvarur","2017-04-26",2017,4,0.0,"IMD GRID MODEL"
"Tamil Nadu","Thiruvarur","2017-04-27",2017,4,0.0,"IMD GRID MODEL"
"Tamil Nadu","Thiruvarur","2017-04-28",2017,4,0.0,"IMD GRID MODEL"
"Tamil Nadu","Thiruvarur","2017-04-29",2017,4,0.0,"IMD GRID MODEL"
"Tamil Nadu","Thiruvarur","2017-04-30",2017,4,0.0,"IMD GRID MODEL"
"Tamil Nadu","Thiruvarur","2017-08-15",2017,8,0.0,"IMD GRID MODEL"
"Tamil Nadu","Thiruvarur","2017-08-01",2017,8,0.0,"IMD GRID MODEL"
"Tamil Nadu","Thiruvarur","2017-08-02",2017,8,0.0,"IMD GRID MODEL"
"Tamil Nadu","Thiruvarur","2017-08-03",2017,8,0.0,"IMD GRID MODEL"
"Tamil Nadu","Thiruvarur","2017-08-04",2017,8,0.0,"IMD GRID MODEL"
"Tamil Nadu","Thiruvarur","2017-08-05",2017,8,0.0,"IMD GRID MODEL"
"Tamil Nadu","Thiruvarur","2017-08-06",2017,8,0.0,"IMD GRID MODEL"
"Tamil Nadu","Thiruvarur","2017-08-07",2017,8,0.0,"IMD GRID MODEL"
"Tamil Nadu","Thiruvarur","2017-08-08",2017,8,0.0,"IMD GRID MODEL"
"Tamil Nadu","Thiruvarur","2017-08-09",2017,8,12.5441026191,"IMD GRID MODEL"
"Tamil Nadu","Thiruvarur","2017-08-10",2017,8,0.9010284503,"IMD GRID MODEL"
"Tamil Nadu","Thiruvarur","2017-08-11",2017,8,0.4062857517,"IMD GRID MODEL"
"Tamil Nadu","Thiruvarur","2017-08-12",2017,8,0.0,"IMD GRID MODEL"
"Tamil Nadu","Thiruvarur","2017-08-13",2017,8,0.0359316026,"IMD GRID MODEL"
"Tamil Nadu","Thiruvarur","2017-08-14",2017,8,1.523800415,"IMD GRID MODEL"
"Tamil Nadu","Thiruvarur","2017-08-16",2017,8,0.0,"IMD GRID MODEL"
"Tamil Nadu","Thiruvarur","2017-08-17",2017,8,0.0,"IMD GRID MODEL"
"Tamil Nadu","Thiruvarur","2017-08-18",2017,8,2.8402477436,"IMD GRID MODEL"
"Tamil Nadu","Thiruvarur","2017-08-19",2017,8,0.0,"IMD GRID MODEL"
"Tamil Nadu","Thiruvarur","2017-08-20",2017,8,3.2151530016,"IMD GRID MODEL"
"Tamil Nadu","Thiruvarur","2017-08-21",2017,8,0.0,"IMD GRID MODEL"
"Tamil Nadu","Thiruvarur","2017-08-22",2017,8,0.0,"IMD GRID MODEL"
"Tamil Nadu","Thiruvarur","2017-08-23",2017,8,16.5136891924,"IMD GRID MODEL"
"Tamil Nadu","Thiruvarur","2017-08-24",2017,8,0.0,"IMD GRID MODEL"
"Tamil Nadu","Thiruvarur","2017-08-25",2017,8,0.0035939106,"IMD GRID MODEL"
"Tamil Nadu","Thiruvarur","2017-08-26",2017,8,0.0226454224,"IMD GRID MODEL"
"Tamil Nadu","Thiruvarur","2017-08-27",2017,8,0.0,"IMD GRID MODEL"
"Tamil Nadu","Thiruvarur","2017-08-28",2017,8,1.7103474271,"IMD GRID MODEL"
"Tamil Nadu","Thiruvarur","2017-08-29",2017,8,0.0,"IMD GRID MODEL"
"Tamil Nadu","Thiruvarur","2017-08-30",2017,8,0.0,"IMD GRID MODEL"
"Tamil Nadu","Thiruvarur","2017-08-31",2017,8,2.0593664137,"IMD GRID MODEL"
"Tamil Nadu","Thiruvarur","2017-12-07",2017,12,0.0535947364,"IMD GRID MODEL"
"Tamil Nadu","Thiruvarur","2017-12-26",2017,12,0.0,"IMD GRID MODEL"
"Tamil Nadu","Thiruvarur","2017-12-01",2017,12,20.464685256,"IMD GRID MODEL"
"Tamil Nadu","Thiruvarur","2017-12-02",2017,12,0.2399851601,"IMD GRID MODEL"
"Tamil Nadu","Thiruvarur","2017-12-03",2017,12,0.0,"IMD GRID MODEL"
"Tamil Nadu","Thiruvarur","2017-12-04",2017,12,0.0,"IMD GRID MODEL"
"Tamil Nadu","Thiruvarur","2017-12-05",2017,12,7.8488282327,"IMD GRID MODEL"
"Tamil Nadu","Thiruvarur","2017-12-06",2017,12,0.0,"IMD GRID MODEL"
"Tamil Nadu","Thiruvarur","2017-12-08",2017,12,0.2762741491,"IMD GRID MODEL"
"Tamil Nadu","Thiruvarur","2017-12-09",2017,12,1.790597427,"IMD GRID MODEL"
"Tamil Nadu","Thiruvarur","2017-12-10",2017,12,0.1499599141,"IMD GRID MODEL"
"Tamil Nadu","Thiruvarur","2017-12-11",2017,12,0.0294039056,"IMD GRID MODEL"
"Tamil Nadu","Thiruvarur","2017-12-12",2017,12,0.6091907105,"IMD GRID MODEL"
"Tamil Nadu","Thiruvarur","2017-12-13",2017,12,3.428913722,"IMD GRID MODEL"
"Tamil Nadu","Thiruvarur","2017-12-14",2017,12,0.0,"IMD GRID MODEL"
"Tamil Nadu","Thiruvarur","2017-12-15",2017,12,0.3574936055,"IMD GRID MODEL"
"Tamil Nadu","Thiruvarur","2017-12-16",2017,12,0.0292577446,"IMD GRID MODEL"
"Tamil Nadu","Thiruvarur","2017-12-18",2017,12,4.9456300338,"IMD GRID MODEL"
"Tamil Nadu","Thiruvarur","2017-12-19",2017,12,0.0699288595,"IMD GRID MODEL"
"Tamil Nadu","Thiruvarur","2017-12-20",2017,12,0.97707656,"IMD GRID MODEL"
"Tamil Nadu","Thiruvarur","2017-12-21",2017,12,0.0,"IMD GRID MODEL"
"Tamil Nadu","Thiruvarur","2017-12-17",2017,12,10.0185208157,"IMD GRID MODEL"
"Tamil Nadu","Thiruvarur","2017-12-22",2017,12,0.0,"IMD GRID MODEL"
"Tamil Nadu","Thiruvarur","2017-12-23",2017,12,0.0,"IMD GRID MODEL"
"Tamil Nadu","Thiruvarur","2017-12-24",2017,12,12.5953152557,"IMD GRID MODEL"
"Tamil Nadu","Thiruvarur","2017-12-25",2017,12,11.4896711246,"IMD GRID MODEL"
"Tamil Nadu","Thiruvarur","2017-12-27",2017,12,0.0,"IMD GRID MODEL"
"Tamil Nadu","Thiruvarur","2017-12-28",2017,12,0.5019969835,"IMD GRID MODEL"
"Tamil Nadu","Thiruvarur","2017-12-29",2017,12,5.8616407671,"IMD GRID MODEL"
"Tamil Nadu","Thiruvarur","2017-12-30",2017,12,1.3576610371,"IMD GRID MODEL"
"Tamil Nadu","Thiruvarur","2017-12-31",2017,12,10.2833964007,"IMD GRID MODEL"
"Tamil Nadu","Thiruvarur","2017-02-06",2017,2,0.6239106957,"IMD GRID MODEL"
"Tamil Nadu","Thiruvarur","2017-02-25",2017,2,0.0425553049,"IMD GRID MODEL"
"Tamil Nadu","Thiruvarur","2017-02-01",2017,2,18.1731993135,"IMD GRID MODEL"
"Tamil Nadu","Thiruvarur","2017-02-02",2017,2,23.1872665491,"IMD GRID MODEL"
"Tamil Nadu","Thiruvarur","2017-02-04",2017,2,60.8839844269,"IMD GRID MODEL"
"Tamil Nadu","Thiruvarur","2017-02-05",2017,2,92.124992554,"IMD GRID MODEL"
"Tamil Nadu","Thiruvarur","2017-02-03",2017,2,19.8758913662,"IMD GRID MODEL"
"Tamil Nadu","Thiruvarur","2017-02-08",2017,2,3.857818149,"IMD GRID MODEL"
"Tamil Nadu","Thiruvarur","2017-02-09",2017,2,0.0579632953,"IMD GRID MODEL"
"Tamil Nadu","Thiruvarur","2017-02-10",2017,2,0.0,"IMD GRID MODEL"
"Tamil Nadu","Thiruvarur","2017-02-07",2017,2,0.0,"IMD GRID MODEL"
"Tamil Nadu","Thiruvarur","2017-02-11",2017,2,0.0,"IMD GRID MODEL"
"Tamil Nadu","Thiruvarur","2017-02-12",2017,2,0.0,"IMD GRID MODEL"
"Tamil Nadu","Thiruvarur","2017-02-13",2017,2,0.0,"IMD GRID MODEL"
"Tamil Nadu","Thiruvarur","2017-02-14",2017,2,0.0,"IMD GRID MODEL"
"Tamil Nadu","Thiruvarur","2017-02-15",2017,2,0.0,"IMD GRID MODEL"
"Tamil Nadu","Thiruvarur","2017-02-16",2017,2,0.0,"IMD GRID MODEL"
"Tamil Nadu","Thiruvarur","2017-02-17",2017,2,0.1973284672,"IMD GRID MODEL"
"Tamil Nadu","Thiruvarur","2017-02-18",2017,2,2.1697700658,"IMD GRID MODEL"
"Tamil Nadu","Thiruvarur","2017-02-20",2017,2,0.0,"IMD GRID MODEL"
"Tamil Nadu","Thiruvarur","2017-02-21",2017,2,0.0,"IMD GRID MODEL"
"Tamil Nadu","Thiruvarur","2017-02-19",2017,2,0.0,"IMD GRID MODEL"
"Tamil Nadu","Thiruvarur","2017-02-22",2017,2,2.0482333072,"IMD GRID MODEL"
"Tamil Nadu","Thiruvarur","2017-02-23",2017,2,2.7885354891,"IMD GRID MODEL"
"Tamil Nadu","Thiruvarur","2017-02-24",2017,2,15.4920315121,"IMD GRID MODEL"
"Tamil Nadu","Thiruvarur","2017-02-26",2017,2,0.0,"IMD GRID MODEL"
"Tamil Nadu","Thiruvarur","2017-02-27",2017,2,0.0353035056,"IMD GRID MODEL"
"Tamil Nadu","Thiruvarur","2017-02-28",2017,2,0.0,"IMD GRID MODEL"
"Tamil Nadu","Thiruvarur","2017-01-18",2017,1,7.7273840506,"IMD GRID MODEL"
"Tamil Nadu","Thiruvarur","2017-01-01",2017,1,6.6287755545,"IMD GRID MODEL"
"Tamil Nadu","Thiruvarur","2017-01-02",2017,1,8.4013343062,"IMD GRID MODEL"
"Tamil Nadu","Thiruvarur","2017-01-03",2017,1,84.4249143542,"IMD GRID MODEL"
"Tamil Nadu","Thiruvarur","2017-01-04",2017,1,21.8208815929,"IMD GRID MODEL"
"Tamil Nadu","Thiruvarur","2017-01-05",2017,1,17.1188393038,"IMD GRID MODEL"
"Tamil Nadu","Thiruvarur","2017-01-06",2017,1,38.0158548262,"IMD GRID MODEL"
"Tamil Nadu","Thiruvarur","2017-01-07",2017,1,76.0468818702,"IMD GRID MODEL"
"Tamil Nadu","Thiruvarur","2017-01-08",2017,1,69.241851686,"IMD GRID MODEL"
"Tamil Nadu","Thiruvarur","2017-01-09",2017,1,27.2212952352,"IMD GRID MODEL"
"Tamil Nadu","Thiruvarur","2017-01-10",2017,1,27.0568281158,"IMD GRID MODEL"
"Tamil Nadu","Thiruvarur","2017-01-11",2017,1,47.0874323168,"IMD GRID MODEL"
"Tamil Nadu","Thiruvarur","2017-01-12",2017,1,2.5743728018,"IMD GRID MODEL"
"Tamil Nadu","Thiruvarur","2017-01-13",2017,1,2.3827333338,"IMD GRID MODEL"
"Tamil Nadu","Thiruvarur","2017-01-14",2017,1,32.7800286112,"IMD GRID MODEL"
"Tamil Nadu","Thiruvarur","2017-01-15",2017,1,1.5229811708,"IMD GRID MODEL"
"Tamil Nadu","Thiruvarur","2017-01-16",2017,1,1.5579633031,"IMD GRID MODEL"
"Tamil Nadu","Thiruvarur","2017-01-17",2017,1,0.0,"IMD GRID MODEL"
"Tamil Nadu","Thiruvarur","2017-01-19",2017,1,0.0,"IMD GRID MODEL"
"Tamil Nadu","Thiruvarur","2017-01-20",2017,1,0.0,"IMD GRID MODEL"
"Tamil Nadu","Thiruvarur","2017-01-21",2017,1,0.0,"IMD GRID MODEL"
"Tamil Nadu","Thiruvarur","2017-01-22",2017,1,0.1082816724,"IMD GRID MODEL"
"Tamil Nadu","Thiruvarur","2017-01-23",2017,1,6.2465355174,"IMD GRID MODEL"
"Tamil Nadu","Thiruvarur","2017-01-24",2017,1,4.5898293701,"IMD GRID MODEL"
"Tamil Nadu","Thiruvarur","2017-01-25",2017,1,1.3254684544,"IMD GRID MODEL"
"Tamil Nadu","Thiruvarur","2017-01-26",2017,1,0.0,"IMD GRID MODEL"
"Tamil Nadu","Thiruvarur","2017-01-28",2017,1,0.0,"IMD GRID MODEL"
"Tamil Nadu","Thiruvarur","2017-01-29",2017,1,6.4230047035,"IMD GRID MODEL"
"Tamil Nadu","Thiruvarur","2017-01-30",2017,1,33.3591425573,"IMD GRID MODEL"
"Tamil Nadu","Thiruvarur","2017-01-27",2017,1,0.0,"IMD GRID MODEL"
"Tamil Nadu","Thiruvarur","2017-01-31",2017,1,15.9674404591,"IMD GRID MODEL"
"Tamil Nadu","Thiruvarur","2017-07-08",2017,7,0.0,"IMD GRID MODEL"
"Tamil Nadu","Thiruvarur","2017-07-27",2017,7,0.0,"IMD GRID MODEL"
"Tamil Nadu","Thiruvarur","2017-07-01",2017,7,0.0,"IMD GRID MODEL"
"Tamil Nadu","Thiruvarur","2017-07-02",2017,7,0.0,"IMD GRID MODEL"
"Tamil Nadu","Thiruvarur","2017-07-03",2017,7,0.0,"IMD GRID MODEL"
"Tamil Nadu","Thiruvarur","2017-07-04",2017,7,0.0,"IMD GRID MODEL"
"Tamil Nadu","Thiruvarur","2017-07-05",2017,7,0.0,"IMD GRID MODEL"
"Tamil Nadu","Thiruvarur","2017-07-06",2017,7,0.0,"IMD GRID MODEL"
"Tamil Nadu","Thiruvarur","2017-07-07",2017,7,0.7153681762,"IMD GRID MODEL"
"Tamil Nadu","Thiruvarur","2017-07-09",2017,7,0.0,"IMD GRID MODEL"
"Tamil Nadu","Thiruvarur","2017-07-10",2017,7,0.0,"IMD GRID MODEL"
"Tamil Nadu","Thiruvarur","2017-07-11",2017,7,0.0,"IMD GRID MODEL"
"Tamil Nadu","Thiruvarur","2017-07-12",2017,7,0.8221628312,"IMD GRID MODEL"
"Tamil Nadu","Thiruvarur","2017-07-13",2017,7,2.9022440354,"IMD GRID MODEL"
"Tamil Nadu","Thiruvarur","2017-07-14",2017,7,1.1548291607,"IMD GRID MODEL"
"Tamil Nadu","Thiruvarur","2017-07-15",2017,7,3.4659488695,"IMD GRID MODEL"
"Tamil Nadu","Thiruvarur","2017-07-16",2017,7,0.2903431908,"IMD GRID MODEL"
"Tamil Nadu","Thiruvarur","2017-07-17",2017,7,0.0,"IMD GRID MODEL"
"Tamil Nadu","Thiruvarur","2017-07-18",2017,7,0.0,"IMD GRID MODEL"
"Tamil Nadu","Thiruvarur","2017-07-19",2017,7,0.0,"IMD GRID MODEL"
"Tamil Nadu","Thiruvarur","2017-07-20",2017,7,0.0,"IMD GRID MODEL"
"Tamil Nadu","Thiruvarur","2017-07-21",2017,7,0.0,"IMD GRID MODEL"
"Tamil Nadu","Thiruvarur","2017-07-22",2017,7,0.0,"IMD GRID MODEL"
"Tamil Nadu","Thiruvarur","2017-07-23",2017,7,0.0,"IMD GRID MODEL"
"Tamil Nadu","Thiruvarur","2017-07-24",2017,7,0.0,"IMD GRID MODEL"
"Tamil Nadu","Thiruvarur","2017-07-25",2017,7,0.0,"IMD GRID MODEL"
"Tamil Nadu","Thiruvarur","2017-07-26",2017,7,0.0,"IMD GRID MODEL"
"Tamil Nadu","Thiruvarur","2017-07-28",2017,7,0.0,"IMD GRID MODEL"
"Tamil Nadu","Thiruvarur","2017-07-29",2017,7,0.0,"IMD GRID MODEL"
"Tamil Nadu","Thiruvarur","2017-07-30",2017,7,0.0,"IMD GRID MODEL"
"Tamil Nadu","Thiruvarur","2017-07-31",2017,7,0.0,"IMD GRID MODEL"
"Tamil Nadu","Thiruvarur","2017-06-19",2017,6,0.0,"IMD GRID MODEL"
"Tamil Nadu","Thiruvarur","2017-06-01",2017,6,0.0,"IMD GRID MODEL"
"Tamil Nadu","Thiruvarur","2017-06-02",2017,6,0.0,"IMD GRID MODEL"
"Tamil Nadu","Thiruvarur","2017-06-03",2017,6,0.0,"IMD GRID MODEL"
"Tamil Nadu","Thiruvarur","2017-06-04",2017,6,0.0,"IMD GRID MODEL"
"Tamil Nadu","Thiruvarur","2017-06-05",2017,6,0.0,"IMD GRID MODEL"
"Tamil Nadu","Thiruvarur","2017-06-06",2017,6,0.0,"IMD GRID MODEL"
"Tamil Nadu","Thiruvarur","2017-06-07",2017,6,0.0,"IMD GRID MODEL"
"Tamil Nadu","Thiruvarur","2017-06-08",2017,6,0.0,"IMD GRID MODEL"
"Tamil Nadu","Thiruvarur","2017-06-09",2017,6,0.0,"IMD GRID MODEL"
"Tamil Nadu","Thiruvarur","2017-06-10",2017,6,0.0,"IMD GRID MODEL"
"Tamil Nadu","Thiruvarur","2017-06-11",2017,6,0.0,"IMD GRID MODEL"
"Tamil Nadu","Thiruvarur","2017-06-12",2017,6,0.0,"IMD GRID MODEL"
"Tamil Nadu","Thiruvarur","2017-06-13",2017,6,0.0,"IMD GRID MODEL"
"Tamil Nadu","Thiruvarur","2017-06-14",2017,6,0.0,"IMD GRID MODEL"
"Tamil Nadu","Thiruvarur","2017-06-15",2017,6,0.0,"IMD GRID MODEL"
"Tamil Nadu","Thiruvarur","2017-06-16",2017,6,0.0,"IMD GRID MODEL"
"Tamil Nadu","Thiruvarur","2017-06-17",2017,6,0.0,"IMD GRID MODEL"
"Tamil Nadu","Thiruvarur","2017-06-18",2017,6,0.0,"IMD GRID MODEL"
"Tamil Nadu","Thiruvarur","2017-06-20",2017,6,0.0,"IMD GRID MODEL"
"Tamil Nadu","Thiruvarur","2017-06-21",2017,6,0.0,"IMD GRID MODEL"
"Tamil Nadu","Thiruvarur","2017-06-22",2017,6,0.0,"IMD GRID MODEL"
"Tamil Nadu","Thiruvarur","2017-06-24",2017,6,0.0,"IMD GRID MODEL"
"Tamil Nadu","Thiruvarur","2017-06-25",2017,6,0.0,"IMD GRID MODEL"
"Tamil Nadu","Thiruvarur","2017-06-26",2017,6,0.0,"IMD GRID MODEL"
"Tamil Nadu","Thiruvarur","2017-06-27",2017,6,0.0,"IMD GRID MODEL"
"Tamil Nadu","Thiruvarur","2017-06-28",2017,6,0.0,"IMD GRID MODEL"
"Tamil Nadu","Thiruvarur","2017-06-29",2017,6,0.0,"IMD GRID MODEL"
"Tamil Nadu","Thiruvarur","2017-06-23",2017,6,0.0,"IMD GRID MODEL"
"Tamil Nadu","Thiruvarur","2017-06-30",2017,6,0.0,"IMD GRID MODEL"
"Tamil Nadu","Thiruvarur","2017-03-16",2017,3,0.0,"IMD GRID MODEL"
"Tamil Nadu","Thiruvarur","2017-03-02",2017,3,0.0,"IMD GRID MODEL"
"Tamil Nadu","Thiruvarur","2017-03-03",2017,3,0.0,"IMD GRID MODEL"
"Tamil Nadu","Thiruvarur","2017-03-04",2017,3,0.0,"IMD GRID MODEL"
"Tamil Nadu","Thiruvarur","2017-03-05",2017,3,0.0,"IMD GRID MODEL"
"Tamil Nadu","Thiruvarur","2017-03-01",2017,3,0.0,"IMD GRID MODEL"
"Tamil Nadu","Thiruvarur","2017-03-06",2017,3,2.7758008263,"IMD GRID MODEL"
"Tamil Nadu","Thiruvarur","2017-03-07",2017,3,0.1378344067,"IMD GRID MODEL"
"Tamil Nadu","Thiruvarur","2017-03-08",2017,3,0.0,"IMD GRID MODEL"
"Tamil Nadu","Thiruvarur","2017-03-09",2017,3,0.0,"IMD GRID MODEL"
"Tamil Nadu","Thiruvarur","2017-03-10",2017,3,0.0,"IMD GRID MODEL"
"Tamil Nadu","Thiruvarur","2017-03-11",2017,3,0.0,"IMD GRID MODEL"
"Tamil Nadu","Thiruvarur","2017-03-12",2017,3,0.0,"IMD GRID MODEL"
"Tamil Nadu","Thiruvarur","2017-03-13",2017,3,0.0,"IMD GRID MODEL"
"Tamil Nadu","Thiruvarur","2017-03-14",2017,3,0.0,"IMD GRID MODEL"
"Tamil Nadu","Thiruvarur","2017-03-15",2017,3,0.0,"IMD GRID MODEL"
"Tamil Nadu","Thiruvarur","2017-03-17",2017,3,0.0,"IMD GRID MODEL"
"Tamil Nadu","Thiruvarur","2017-03-18",2017,3,0.0,"IMD GRID MODEL"
"Tamil Nadu","Thiruvarur","2017-03-19",2017,3,0.0,"IMD GRID MODEL"
"Tamil Nadu","Thiruvarur","2017-03-20",2017,3,0.0,"IMD GRID MODEL"
"Tamil Nadu","Thiruvarur","2017-03-21",2017,3,0.0,"IMD GRID MODEL"
"Tamil Nadu","Thiruvarur","2017-03-22",2017,3,0.0,"IMD GRID MODEL"
"Tamil Nadu","Thiruvarur","2017-03-23",2017,3,0.0,"IMD GRID MODEL"
"Tamil Nadu","Thiruvarur","2017-03-24",2017,3,0.0,"IMD GRID MODEL"
"Tamil Nadu","Thiruvarur","2017-03-25",2017,3,0.0,"IMD GRID MODEL"
"Tamil Nadu","Thiruvarur","2017-03-26",2017,3,29.6910104116,"IMD GRID MODEL"
"Tamil Nadu","Thiruvarur","2017-03-27",2017,3,37.2410326011,"IMD GRID MODEL"
"Tamil Nadu","Thiruvarur","2017-03-28",2017,3,0.0,"IMD GRID MODEL"
"Tamil Nadu","Thiruvarur","2017-03-29",2017,3,0.0,"IMD GRID MODEL"
"Tamil Nadu","Thiruvarur","2017-03-30",2017,3,0.0,"IMD GRID MODEL"
"Tamil Nadu","Thiruvarur","2017-03-31",2017,3,9.0908541028,"IMD GRID MODEL"
"Tamil Nadu","Thiruvarur","2017-05-12",2017,5,0.0,"IMD GRID MODEL"
"Tamil Nadu","Thiruvarur","2017-05-31",2017,5,0.0,"IMD GRID MODEL"
"Tamil Nadu","Thiruvarur","2017-05-02",2017,5,0.0,"IMD GRID MODEL"
"Tamil Nadu","Thiruvarur","2017-05-03",2017,5,0.0,"IMD GRID MODEL"
"Tamil Nadu","Thiruvarur","2017-05-04",2017,5,0.0,"IMD GRID MODEL"
"Tamil Nadu","Thiruvarur","2017-05-05",2017,5,0.0,"IMD GRID MODEL"
"Tamil Nadu","Thiruvarur","2017-05-06",2017,5,0.0,"IMD GRID MODEL"
"Tamil Nadu","Thiruvarur","2017-05-01",2017,5,0.0,"IMD GRID MODEL"
"Tamil Nadu","Thiruvarur","2017-05-07",2017,5,5.1596150141,"IMD GRID MODEL"
"Tamil Nadu","Thiruvarur","2017-05-08",2017,5,30.3187034556,"IMD GRID MODEL"
"Tamil Nadu","Thiruvarur","2017-05-09",2017,5,0.0009434015,"IMD GRID MODEL"
"Tamil Nadu","Thiruvarur","2017-05-10",2017,5,0.0,"IMD GRID MODEL"
"Tamil Nadu","Thiruvarur","2017-05-11",2017,5,0.0,"IMD GRID MODEL"
"Tamil Nadu","Thiruvarur","2017-05-13",2017,5,0.0,"IMD GRID MODEL"
"Tamil Nadu","Thiruvarur","2017-05-14",2017,5,0.0,"IMD GRID MODEL"
"Tamil Nadu","Thiruvarur","2017-05-15",2017,5,0.0,"IMD GRID MODEL"
"Tamil Nadu","Thiruvarur","2017-05-16",2017,5,0.4107247901,"IMD GRID MODEL"
"Tamil Nadu","Thiruvarur","2017-05-17",2017,5,0.0036837585,"IMD GRID MODEL"
"Tamil Nadu","Thiruvarur","2017-05-18",2017,5,5.0771071674,"IMD GRID MODEL"
"Tamil Nadu","Thiruvarur","2017-05-19",2017,5,0.1641248881,"IMD GRID MODEL"
"Tamil Nadu","Thiruvarur","2017-05-20",2017,5,0.0,"IMD GRID MODEL"
"Tamil Nadu","Thiruvarur","2017-05-21",2017,5,0.0,"IMD GRID MODEL"
"Tamil Nadu","Thiruvarur","2017-05-22",2017,5,0.0,"IMD GRID MODEL"
"Tamil Nadu","Thiruvarur","2017-05-23",2017,5,0.0,"IMD GRID MODEL"
"Tamil Nadu","Thiruvarur","2017-05-24",2017,5,0.0,"IMD GRID MODEL"
"Tamil Nadu","Thiruvarur","2017-05-25",2017,5,0.0,"IMD GRID MODEL"
"Tamil Nadu","Thiruvarur","2017-05-26",2017,5,0.0,"IMD GRID MODEL"
"Tamil Nadu","Thiruvarur","2017-05-27",2017,5,0.0,"IMD GRID MODEL"
"Tamil Nadu","Thiruvarur","2017-05-28",2017,5,0.0,"IMD GRID MODEL"
"Tamil Nadu","Thiruvarur","2017-05-29",2017,5,0.0,"IMD GRID MODEL"
"Tamil Nadu","Thiruvarur","2017-05-30",2017,5,0.0,"IMD GRID MODEL"
"Tamil Nadu","Thiruvarur","2017-11-18",2017,11,0.0,"IMD GRID MODEL"
"Tamil Nadu","Thiruvarur","2017-11-01",2017,11,1.4311668799,"IMD GRID MODEL"
"Tamil Nadu","Thiruvarur","2017-11-02",2017,11,0.0,"IMD GRID MODEL"
"Tamil Nadu","Thiruvarur","2017-11-03",2017,11,0.0,"IMD GRID MODEL"
"Tamil Nadu","Thiruvarur","2017-11-04",2017,11,0.0,"IMD GRID MODEL"
"Tamil Nadu","Thiruvarur","2017-11-05",2017,11,3.7174709829,"IMD GRID MODEL"
"Tamil Nadu","Thiruvarur","2017-11-06",2017,11,2.5027581817,"IMD GRID MODEL"
"Tamil Nadu","Thiruvarur","2017-11-07",2017,11,0.0305407365,"IMD GRID MODEL"
"Tamil Nadu","Thiruvarur","2017-11-08",2017,11,12.5174456937,"IMD GRID MODEL"
"Tamil Nadu","Thiruvarur","2017-11-09",2017,11,1.4780967767,"IMD GRID MODEL"
"Tamil Nadu","Thiruvarur","2017-11-10",2017,11,0.0,"IMD GRID MODEL"
"Tamil Nadu","Thiruvarur","2017-11-11",2017,11,2.044570712,"IMD GRID MODEL"
"Tamil Nadu","Thiruvarur","2017-11-12",2017,11,13.2643505624,"IMD GRID MODEL"
"Tamil Nadu","Thiruvarur","2017-11-13",2017,11,4.4305545079,"IMD GRID MODEL"
"Tamil Nadu","Thiruvarur","2017-11-14",2017,11,11.6187729254,"IMD GRID MODEL"
"Tamil Nadu","Thiruvarur","2017-11-15",2017,11,0.5743199955,"IMD GRID MODEL"
"Tamil Nadu","Thiruvarur","2017-11-16",2017,11,1.3506960902,"IMD GRID MODEL"
"Tamil Nadu","Thiruvarur","2017-11-17",2017,11,0.2142815066,"IMD GRID MODEL"
"Tamil Nadu","Thiruvarur","2017-11-19",2017,11,0.0,"IMD GRID MODEL"
"Tamil Nadu","Thiruvarur","2017-11-20",2017,11,5.7822557284,"IMD GRID MODEL"
"Tamil Nadu","Thiruvarur","2017-11-21",2017,11,0.0,"IMD GRID MODEL"
"Tamil Nadu","Thiruvarur","2017-11-23",2017,11,0.0,"IMD GRID MODEL"
"Tamil Nadu","Thiruvarur","2017-11-24",2017,11,0.0,"IMD GRID MODEL"
"Tamil Nadu","Thiruvarur","2017-11-25",2017,11,0.0,"IMD GRID MODEL"
"Tamil Nadu","Thiruvarur","2017-11-26",2017,11,3.0500966387,"IMD GRID MODEL"
"Tamil Nadu","Thiruvarur","2017-11-27",2017,11,0.0,"IMD GRID MODEL"
"Tamil Nadu","Thiruvarur","2017-11-28",2017,11,2.7958763103,"IMD GRID MODEL"
"Tamil Nadu","Thiruvarur","2017-11-29",2017,11,18.2737557702,"IMD GRID MODEL"
"Tamil Nadu","Thiruvarur","2017-11-30",2017,11,1.2899169547,"IMD GRID MODEL"
"Tamil Nadu","Thiruvarur","2017-11-22",2017,11,1.8135058058,"IMD GRID MODEL"
"Tamil Nadu","Thiruvarur","2017-10-11",2017,10,0.4845410698,"IMD GRID MODEL"
"Tamil Nadu","Thiruvarur","2017-10-30",2017,10,0.0,"IMD GRID MODEL"
"Tamil Nadu","Thiruvarur","2017-10-01",2017,10,4.1718038072,"IMD GRID MODEL"
"Tamil Nadu","Thiruvarur","2017-10-02",2017,10,0.0,"IMD GRID MODEL"
"Tamil Nadu","Thiruvarur","2017-10-03",2017,10,4.8785102623,"IMD GRID MODEL"
"Tamil Nadu","Thiruvarur","2017-10-04",2017,10,13.4941938828,"IMD GRID MODEL"
"Tamil Nadu","Thiruvarur","2017-10-05",2017,10,10.5837824234,"IMD GRID MODEL"
"Tamil Nadu","Thiruvarur","2017-10-06",2017,10,0.0,"IMD GRID MODEL"
"Tamil Nadu","Thiruvarur","2017-10-07",2017,10,0.0,"IMD GRID MODEL"
"Tamil Nadu","Thiruvarur","2017-10-08",2017,10,0.4020169388,"IMD GRID MODEL"
"Tamil Nadu","Thiruvarur","2017-10-09",2017,10,0.1514188406,"IMD GRID MODEL"
"Tamil Nadu","Thiruvarur","2017-10-10",2017,10,2.6211834903,"IMD GRID MODEL"
"Tamil Nadu","Thiruvarur","2017-10-12",2017,10,1.1328061566,"IMD GRID MODEL"
"Tamil Nadu","Thiruvarur","2017-10-13",2017,10,6.7798660326,"IMD GRID MODEL"
"Tamil Nadu","Thiruvarur","2017-10-14",2017,10,0.027080647,"IMD GRID MODEL"
"Tamil Nadu","Thiruvarur","2017-10-15",2017,10,14.319942521,"IMD GRID MODEL"
"Tamil Nadu","Thiruvarur","2017-10-16",2017,10,22.6292862401,"IMD GRID MODEL"
"Tamil Nadu","Thiruvarur","2017-10-17",2017,10,1.180378284,"IMD GRID MODEL"
"Tamil Nadu","Thiruvarur","2017-10-18",2017,10,6.652606776,"IMD GRID MODEL"
"Tamil Nadu","Thiruvarur","2017-10-19",2017,10,0.7529954681,"IMD GRID MODEL"
"Tamil Nadu","Thiruvarur","2017-10-20",2017,10,3.1743523809,"IMD GRID MODEL"
"Tamil Nadu","Thiruvarur","2017-10-21",2017,10,0.2667639665,"IMD GRID MODEL"
"Tamil Nadu","Thiruvarur","2017-10-22",2017,10,13.914342587,"IMD GRID MODEL"
"Tamil Nadu","Thiruvarur","2017-10-23",2017,10,0.0,"IMD GRID MODEL"
"Tamil Nadu","Thiruvarur","2017-10-24",2017,10,0.8055542523,"IMD GRID MODEL"
"Tamil Nadu","Thiruvarur","2017-10-25",2017,10,0.0,"IMD GRID MODEL"
"Tamil Nadu","Thiruvarur","2017-10-26",2017,10,0.0,"IMD GRID MODEL"
"Tamil Nadu","Thiruvarur","2017-10-27",2017,10,0.0,"IMD GRID MODEL"
"Tamil Nadu","Thiruvarur","2017-10-28",2017,10,5.4182701555,"IMD GRID MODEL"
"Tamil Nadu","Thiruvarur","2017-10-29",2017,10,0.0,"IMD GRID MODEL"
"Tamil Nadu","Thiruvarur","2017-10-31",2017,10,0.0,"IMD GRID MODEL"
"Tamil Nadu","Thiruvarur","2017-09-03",2017,9,0.0,"IMD GRID MODEL"
"Tamil Nadu","Thiruvarur","2017-09-22",2017,9,0.0,"IMD GRID MODEL"
"Tamil Nadu","Thiruvarur","2017-09-01",2017,9,0.0,"IMD GRID MODEL"
"Tamil Nadu","Thiruvarur","2017-09-02",2017,9,0.0,"IMD GRID MODEL"
"Tamil Nadu","Thiruvarur","2017-09-04",2017,9,0.0,"IMD GRID MODEL"
"Tamil Nadu","Thiruvarur","2017-09-05",2017,9,0.0,"IMD GRID MODEL"
"Tamil Nadu","Thiruvarur","2017-09-06",2017,9,0.0,"IMD GRID MODEL"
"Tamil Nadu","Thiruvarur","2017-09-07",2017,9,12.7961748048,"IMD GRID MODEL"
"Tamil Nadu","Thiruvarur","2017-09-08",2017,9,0.0,"IMD GRID MODEL"
"Tamil Nadu","Thiruvarur","2017-09-09",2017,9,9.9297240346,"IMD GRID MODEL"
"Tamil Nadu","Thiruvarur","2017-09-10",2017,9,8.5566505294,"IMD GRID MODEL"
"Tamil Nadu","Thiruvarur","2017-09-11",2017,9,0.0588078111,"IMD GRID MODEL"
"Tamil Nadu","Thiruvarur","2017-09-12",2017,9,0.0,"IMD GRID MODEL"
"Tamil Nadu","Thiruvarur","2017-09-13",2017,9,0.0,"IMD GRID MODEL"
"Tamil Nadu","Thiruvarur","2017-09-14",2017,9,2.0236626997,"IMD GRID MODEL"
"Tamil Nadu","Thiruvarur","2017-09-15",2017,9,0.0,"IMD GRID MODEL"
"Tamil Nadu","Thiruvarur","2017-09-16",2017,9,0.5823549723,"IMD GRID MODEL"
"Tamil Nadu","Thiruvarur","2017-09-17",2017,9,0.0,"IMD GRID MODEL"
"Tamil Nadu","Thiruvarur","2017-09-18",2017,9,0.1517387632,"IMD GRID MODEL"
"Tamil Nadu","Thiruvarur","2017-09-19",2017,9,0.0,"IMD GRID MODEL"
"Tamil Nadu","Thiruvarur","2017-09-20",2017,9,0.0,"IMD GRID MODEL"
"Tamil Nadu","Thiruvarur","2017-09-21",2017,9,0.0,"IMD GRID MODEL"
"Tamil Nadu","Thiruvarur","2017-09-23",2017,9,0.0,"IMD GRID MODEL"
"Tamil Nadu","Thiruvarur","2017-09-24",2017,9,0.0,"IMD GRID MODEL"
"Tamil Nadu","Thiruvarur","2017-09-25",2017,9,0.0,"IMD GRID MODEL"
"Tamil Nadu","Thiruvarur","2017-09-26",2017,9,0.0,"IMD GRID MODEL"
"Tamil Nadu","Thiruvarur","2017-09-27",2017,9,0.0,"IMD GRID MODEL"
"Tamil Nadu","Thiruvarur","2017-09-28",2017,9,0.129078412,"IMD GRID MODEL"
"Tamil Nadu","Thiruvarur","2017-09-29",2017,9,0.0,"IMD GRID MODEL"
"Tamil Nadu","Thiruvarur","2017-09-30",2017,9,8.7048857955,"IMD GRID MODEL"
"Tamil Nadu","Thiruvarur","2018-04-16",2018,4,2.465574734,"IMD GRID MODEL"
"Tamil Nadu","Thiruvarur","2018-04-24",2018,4,0.0,"IMD GRID MODEL"
"Tamil Nadu","Thiruvarur","2018-04-06",2018,4,0.0,"IMD GRID MODEL"
"Tamil Nadu","Thiruvarur","2018-04-08",2018,4,0.0,"IMD GRID MODEL"
"Tamil Nadu","Thiruvarur","2018-04-14",2018,4,0.294998393,"IMD GRID MODEL"
"Tamil Nadu","Thiruvarur","2018-04-01",2018,4,0.0,"IMD GRID MODEL"
"Tamil Nadu","Thiruvarur","2018-04-02",2018,4,0.0,"IMD GRID MODEL"
"Tamil Nadu","Thiruvarur","2018-04-03",2018,4,0.0,"IMD GRID MODEL"
"Tamil Nadu","Thiruvarur","2018-04-04",2018,4,0.0,"IMD GRID MODEL"
"Tamil Nadu","Thiruvarur","2018-04-05",2018,4,0.0,"IMD GRID MODEL"
"Tamil Nadu","Thiruvarur","2018-04-07",2018,4,0.0,"IMD GRID MODEL"
"Tamil Nadu","Thiruvarur","2018-04-09",2018,4,0.0,"IMD GRID MODEL"
"Tamil Nadu","Thiruvarur","2018-04-10",2018,4,0.0,"IMD GRID MODEL"
"Tamil Nadu","Thiruvarur","2018-04-11",2018,4,0.0,"IMD GRID MODEL"
"Tamil Nadu","Thiruvarur","2018-04-12",2018,4,0.0,"IMD GRID MODEL"
"Tamil Nadu","Thiruvarur","2018-04-13",2018,4,0.0,"IMD GRID MODEL"
"Tamil Nadu","Thiruvarur","2018-04-15",2018,4,0.0,"IMD GRID MODEL"
"Tamil Nadu","Thiruvarur","2018-04-17",2018,4,0.0,"IMD GRID MODEL"
"Tamil Nadu","Thiruvarur","2018-04-18",2018,4,0.268538243,"IMD GRID MODEL"
"Tamil Nadu","Thiruvarur","2018-04-19",2018,4,0.0,"IMD GRID MODEL"
"Tamil Nadu","Thiruvarur","2018-04-20",2018,4,0.0,"IMD GRID MODEL"
"Tamil Nadu","Thiruvarur","2018-04-21",2018,4,0.0,"IMD GRID MODEL"
"Tamil Nadu","Thiruvarur","2018-04-22",2018,4,0.0,"IMD GRID MODEL"
"Tamil Nadu","Thiruvarur","2018-04-23",2018,4,0.0,"IMD GRID MODEL"
"Tamil Nadu","Thiruvarur","2018-04-25",2018,4,0.0,"IMD GRID MODEL"
"Tamil Nadu","Thiruvarur","2018-04-26",2018,4,0.0,"IMD GRID MODEL"
"Tamil Nadu","Thiruvarur","2018-04-27",2018,4,0.0,"IMD GRID MODEL"
"Tamil Nadu","Thiruvarur","2018-04-28",2018,4,0.0,"IMD GRID MODEL"
"Tamil Nadu","Thiruvarur","2018-04-29",2018,4,0.0,"IMD GRID MODEL"
"Tamil Nadu","Thiruvarur","2018-04-30",2018,4,0.0,"IMD GRID MODEL"
"Tamil Nadu","Thiruvarur","2018-08-06",2018,8,0.0,"IMD GRID MODEL"
"Tamil Nadu","Thiruvarur","2018-08-30",2018,8,0.153070105,"IMD GRID MODEL"
"Tamil Nadu","Thiruvarur","2018-08-03",2018,8,7.636002189,"IMD GRID MODEL"
"Tamil Nadu","Thiruvarur","2018-08-14",2018,8,0.0,"IMD GRID MODEL"
"Tamil Nadu","Thiruvarur","2018-08-31",2018,8,0.0,"IMD GRID MODEL"
"Tamil Nadu","Thiruvarur","2018-08-01",2018,8,30.54989784,"IMD GRID MODEL"
"Tamil Nadu","Thiruvarur","2018-08-02",2018,8,0.045290845,"IMD GRID MODEL"
"Tamil Nadu","Thiruvarur","2018-08-04",2018,8,0.0,"IMD GRID MODEL"
"Tamil Nadu","Thiruvarur","2018-08-05",2018,8,0.0,"IMD GRID MODEL"
"Tamil Nadu","Thiruvarur","2018-08-07",2018,8,0.0,"IMD GRID MODEL"
"Tamil Nadu","Thiruvarur","2018-08-08",2018,8,0.0,"IMD GRID MODEL"
"Tamil Nadu","Thiruvarur","2018-08-09",2018,8,0.0,"IMD GRID MODEL"
"Tamil Nadu","Thiruvarur","2018-08-10",2018,8,1.023958923,"IMD GRID MODEL"
"Tamil Nadu","Thiruvarur","2018-08-11",2018,8,0.010403783,"IMD GRID MODEL"
"Tamil Nadu","Thiruvarur","2018-08-12",2018,8,0.0,"IMD GRID MODEL"
"Tamil Nadu","Thiruvarur","2018-08-13",2018,8,0.0,"IMD GRID MODEL"
"Tamil Nadu","Thiruvarur","2018-08-15",2018,8,0.0,"IMD GRID MODEL"
"Tamil Nadu","Thiruvarur","2018-08-16",2018,8,0.0,"IMD GRID MODEL"
"Tamil Nadu","Thiruvarur","2018-08-17",2018,8,0.0,"IMD GRID MODEL"
"Tamil Nadu","Thiruvarur","2018-08-18",2018,8,0.0,"IMD GRID MODEL"
"Tamil Nadu","Thiruvarur","2018-08-19",2018,8,0.0,"IMD GRID MODEL"
"Tamil Nadu","Thiruvarur","2018-08-20",2018,8,0.0,"IMD GRID MODEL"
"Tamil Nadu","Thiruvarur","2018-08-21",2018,8,0.0,"IMD GRID MODEL"
"Tamil Nadu","Thiruvarur","2018-08-22",2018,8,0.0,"IMD GRID MODEL"
"Tamil Nadu","Thiruvarur","2018-08-23",2018,8,0.0,"IMD GRID MODEL"
"Tamil Nadu","Thiruvarur","2018-08-24",2018,8,0.03868664,"IMD GRID MODEL"
"Tamil Nadu","Thiruvarur","2018-08-25",2018,8,0.004529085,"IMD GRID MODEL"
"Tamil Nadu","Thiruvarur","2018-08-26",2018,8,0.0,"IMD GRID MODEL"
"Tamil Nadu","Thiruvarur","2018-08-27",2018,8,0.009887286,"IMD GRID MODEL"
"Tamil Nadu","Thiruvarur","2018-08-28",2018,8,0.0,"IMD GRID MODEL"
"Tamil Nadu","Thiruvarur","2018-08-29",2018,8,0.377070698,"IMD GRID MODEL"
"Tamil Nadu","Thiruvarur","2018-12-01",2018,12,0.143049673,"IMD GRID MODEL"
"Tamil Nadu","Thiruvarur","2018-12-02",2018,12,6.220255731,"IMD GRID MODEL"
"Tamil Nadu","Thiruvarur","2018-12-03",2018,12,79.02649426,"IMD GRID MODEL"
"Tamil Nadu","Thiruvarur","2018-12-04",2018,12,42.11701644,"IMD GRID MODEL"
"Tamil Nadu","Thiruvarur","2018-12-05",2018,12,2.726189352,"IMD GRID MODEL"
"Tamil Nadu","Thiruvarur","2018-12-06",2018,12,1.713136133,"IMD GRID MODEL"
"Tamil Nadu","Thiruvarur","2018-12-07",2018,12,0.0,"IMD GRID MODEL"
"Tamil Nadu","Thiruvarur","2018-12-08",2018,12,0.0,"IMD GRID MODEL"
"Tamil Nadu","Thiruvarur","2018-12-09",2018,12,32.21391506,"IMD GRID MODEL"
"Tamil Nadu","Thiruvarur","2018-12-10",2018,12,21.61610678,"IMD GRID MODEL"
"Tamil Nadu","Thiruvarur","2018-12-12",2018,12,0.0,"IMD GRID MODEL"
"Tamil Nadu","Thiruvarur","2018-12-13",2018,12,0.0,"IMD GRID MODEL"
"Tamil Nadu","Thiruvarur","2018-12-11",2018,12,0.0,"IMD GRID MODEL"
"Tamil Nadu","Thiruvarur","2018-12-14",2018,12,0.0,"IMD GRID MODEL"
"Tamil Nadu","Thiruvarur","2018-12-15",2018,12,0.0,"IMD GRID MODEL"
"Tamil Nadu","Thiruvarur","2018-12-16",2018,12,0.0,"IMD GRID MODEL"
"Tamil Nadu","Thiruvarur","2018-12-17",2018,12,71.21972226,"IMD GRID MODEL"
"Tamil Nadu","Thiruvarur","2018-12-18",2018,12,4.871548136,"IMD GRID MODEL"
"Tamil Nadu","Thiruvarur","2018-12-19",2018,12,2.527162313,"IMD GRID MODEL"
"Tamil Nadu","Thiruvarur","2018-12-20",2018,12,5.832499308,"IMD GRID MODEL"
"Tamil Nadu","Thiruvarur","2018-12-21",2018,12,15.20765398,"IMD GRID MODEL"
"Tamil Nadu","Thiruvarur","2018-12-22",2018,12,26.13114704,"IMD GRID MODEL"
"Tamil Nadu","Thiruvarur","2018-12-23",2018,12,0.114246668,"IMD GRID MODEL"
"Tamil Nadu","Thiruvarur","2018-12-24",2018,12,9.632651878,"IMD GRID MODEL"
"Tamil Nadu","Thiruvarur","2018-12-25",2018,12,86.32360161,"IMD GRID MODEL"
"Tamil Nadu","Thiruvarur","2018-12-26",2018,12,3.617982127,"IMD GRID MODEL"
"Tamil Nadu","Thiruvarur","2018-12-27",2018,12,0.0,"IMD GRID MODEL"
"Tamil Nadu","Thiruvarur","2018-12-28",2018,12,0.0,"IMD GRID MODEL"
"Tamil Nadu","Thiruvarur","2018-12-29",2018,12,0.0,"IMD GRID MODEL"
"Tamil Nadu","Thiruvarur","2018-12-30",2018,12,35.48648225,"IMD GRID MODEL"
"Tamil Nadu","Thiruvarur","2018-12-31",2018,12,24.38053527,"IMD GRID MODEL"
"Tamil Nadu","Thiruvarur","2018-02-24",2018,2,0.0,"IMD GRID MODEL"
"Tamil Nadu","Thiruvarur","2018-02-20",2018,2,0.0,"IMD GRID MODEL"
"Tamil Nadu","Thiruvarur","2018-02-02",2018,2,0.0,"IMD GRID MODEL"
"Tamil Nadu","Thiruvarur","2018-02-03",2018,2,0.0,"IMD GRID MODEL"
"Tamil Nadu","Thiruvarur","2018-02-04",2018,2,0.0,"IMD GRID MODEL"
"Tamil Nadu","Thiruvarur","2018-02-05",2018,2,0.0,"IMD GRID MODEL"
"Tamil Nadu","Thiruvarur","2018-02-01",2018,2,0.0,"IMD GRID MODEL"
"Tamil Nadu","Thiruvarur","2018-02-06",2018,2,0.0,"IMD GRID MODEL"
"Tamil Nadu","Thiruvarur","2018-02-07",2018,2,0.0,"IMD GRID MODEL"
"Tamil Nadu","Thiruvarur","2018-02-08",2018,2,0.0,"IMD GRID MODEL"
"Tamil Nadu","Thiruvarur","2018-02-10",2018,2,29.7880449,"IMD GRID MODEL"
"Tamil Nadu","Thiruvarur","2018-02-11",2018,2,13.0912661,"IMD GRID MODEL"
"Tamil Nadu","Thiruvarur","2018-02-12",2018,2,0.172293629,"IMD GRID MODEL"
"Tamil Nadu","Thiruvarur","2018-02-09",2018,2,0.01012692,"IMD GRID MODEL"
"Tamil Nadu","Thiruvarur","2018-02-13",2018,2,0.0,"IMD GRID MODEL"
"Tamil Nadu","Thiruvarur","2018-02-14",2018,2,0.0,"IMD GRID MODEL"
"Tamil Nadu","Thiruvarur","2018-02-15",2018,2,0.0,"IMD GRID MODEL"
"Tamil Nadu","Thiruvarur","2018-02-16",2018,2,0.0,"IMD GRID MODEL"
"Tamil Nadu","Thiruvarur","2018-02-17",2018,2,0.0,"IMD GRID MODEL"
"Tamil Nadu","Thiruvarur","2018-02-18",2018,2,0.0,"IMD GRID MODEL"
"Tamil Nadu","Thiruvarur","2018-02-19",2018,2,0.0,"IMD GRID MODEL"
"Tamil Nadu","Thiruvarur","2018-02-21",2018,2,0.0,"IMD GRID MODEL"
"Tamil Nadu","Thiruvarur","2018-02-22",2018,2,0.0,"IMD GRID MODEL"
"Tamil Nadu","Thiruvarur","2018-02-23",2018,2,0.0,"IMD GRID MODEL"
"Tamil Nadu","Thiruvarur","2018-02-25",2018,2,0.0,"IMD GRID MODEL"
"Tamil Nadu","Thiruvarur","2018-02-26",2018,2,0.0,"IMD GRID MODEL"
"Tamil Nadu","Thiruvarur","2018-02-27",2018,2,0.0,"IMD GRID MODEL"
"Tamil Nadu","Thiruvarur","2018-02-28",2018,2,0.0,"IMD GRID MODEL"
"Tamil Nadu","Thiruvarur","2018-01-28",2018,1,0.0,"IMD GRID MODEL"
"Tamil Nadu","Thiruvarur","2018-01-29",2018,1,0.0,"IMD GRID MODEL"
"Tamil Nadu","Thiruvarur","2018-01-07",2018,1,0.0,"IMD GRID MODEL"
"Tamil Nadu","Thiruvarur","2018-01-15",2018,1,0.0,"IMD GRID MODEL"
"Tamil Nadu","Thiruvarur","2018-01-01",2018,1,0.0,"IMD GRID MODEL"
"Tamil Nadu","Thiruvarur","2018-01-02",2018,1,0.0,"IMD GRID MODEL"
"Tamil Nadu","Thiruvarur","2018-01-03",2018,1,0.0,"IMD GRID MODEL"
"Tamil Nadu","Thiruvarur","2018-01-04",2018,1,0.0,"IMD GRID MODEL"
"Tamil Nadu","Thiruvarur","2018-01-05",2018,1,0.0,"IMD GRID MODEL"
"Tamil Nadu","Thiruvarur","2018-01-06",2018,1,0.0,"IMD GRID MODEL"
"Tamil Nadu","Thiruvarur","2018-01-08",2018,1,0.0,"IMD GRID MODEL"
"Tamil Nadu","Thiruvarur","2018-01-09",2018,1,0.01012692,"IMD GRID MODEL"
"Tamil Nadu","Thiruvarur","2018-01-10",2018,1,29.7880449,"IMD GRID MODEL"
"Tamil Nadu","Thiruvarur","2018-01-11",2018,1,0.0,"IMD GRID MODEL"
"Tamil Nadu","Thiruvarur","2018-01-12",2018,1,0.0,"IMD GRID MODEL"
"Tamil Nadu","Thiruvarur","2018-01-13",2018,1,0.0,"IMD GRID MODEL"
"Tamil Nadu","Thiruvarur","2018-01-14",2018,1,0.0,"IMD GRID MODEL"
"Tamil Nadu","Thiruvarur","2018-01-16",2018,1,0.0,"IMD GRID MODEL"
"Tamil Nadu","Thiruvarur","2018-01-17",2018,1,0.0,"IMD GRID MODEL"
"Tamil Nadu","Thiruvarur","2018-01-18",2018,1,0.0,"IMD GRID MODEL"
"Tamil Nadu","Thiruvarur","2018-01-19",2018,1,0.01012692,"IMD GRID MODEL"
"Tamil Nadu","Thiruvarur","2018-01-20",2018,1,29.7880449,"IMD GRID MODEL"
"Tamil Nadu","Thiruvarur","2018-01-21",2018,1,13.0912661,"IMD GRID MODEL"
"Tamil Nadu","Thiruvarur","2018-01-22",2018,1,0.172293629,"IMD GRID MODEL"
"Tamil Nadu","Thiruvarur","2018-01-23",2018,1,0.0,"IMD GRID MODEL"
"Tamil Nadu","Thiruvarur","2018-01-24",2018,1,0.0,"IMD GRID MODEL"
"Tamil Nadu","Thiruvarur","2018-01-25",2018,1,0.0,"IMD GRID MODEL"
"Tamil Nadu","Thiruvarur","2018-01-26",2018,1,0.0,"IMD GRID MODEL"
"Tamil Nadu","Thiruvarur","2018-01-27",2018,1,0.0,"IMD GRID MODEL"
"Tamil Nadu","Thiruvarur","2018-01-30",2018,1,0.0,"IMD GRID MODEL"
"Tamil Nadu","Thiruvarur","2018-01-31",2018,1,0.0,"IMD GRID MODEL"
"Tamil Nadu","Thiruvarur","2018-07-17",2018,7,0.723057216,"IMD GRID MODEL"
"Tamil Nadu","Thiruvarur","2018-07-01",2018,7,0.0,"IMD GRID MODEL"
"Tamil Nadu","Thiruvarur","2018-07-02",2018,7,0.0,"IMD GRID MODEL"
"Tamil Nadu","Thiruvarur","2018-07-03",2018,7,0.0,"IMD GRID MODEL"
"Tamil Nadu","Thiruvarur","2018-07-04",2018,7,3.622450167,"IMD GRID MODEL"
"Tamil Nadu","Thiruvarur","2018-07-05",2018,7,14.13120139,"IMD GRID MODEL"
"Tamil Nadu","Thiruvarur","2018-07-06",2018,7,0.0,"IMD GRID MODEL"
"Tamil Nadu","Thiruvarur","2018-07-07",2018,7,1.98283379,"IMD GRID MODEL"
"Tamil Nadu","Thiruvarur","2018-07-08",2018,7,0.221523727,"IMD GRID MODEL"
"Tamil Nadu","Thiruvarur","2018-07-09",2018,7,4.855101793,"IMD GRID MODEL"
"Tamil Nadu","Thiruvarur","2018-07-10",2018,7,0.897452326,"IMD GRID MODEL"
"Tamil Nadu","Thiruvarur","2018-07-11",2018,7,0.0,"IMD GRID MODEL"
"Tamil Nadu","Thiruvarur","2018-07-12",2018,7,0.0,"IMD GRID MODEL"
"Tamil Nadu","Thiruvarur","2018-07-13",2018,7,0.0,"IMD GRID MODEL"
"Tamil Nadu","Thiruvarur","2018-07-14",2018,7,0.0,"IMD GRID MODEL"
"Tamil Nadu","Thiruvarur","2018-07-15",2018,7,0.0,"IMD GRID MODEL"
"Tamil Nadu","Thiruvarur","2018-07-16",2018,7,0.0,"IMD GRID MODEL"
"Tamil Nadu","Thiruvarur","2018-07-18",2018,7,0.72470104,"IMD GRID MODEL"
"Tamil Nadu","Thiruvarur","2018-07-19",2018,7,0.0,"IMD GRID MODEL"
"Tamil Nadu","Thiruvarur","2018-07-20",2018,7,2.440175741,"IMD GRID MODEL"
"Tamil Nadu","Thiruvarur","2018-07-21",2018,7,0.0,"IMD GRID MODEL"
"Tamil Nadu","Thiruvarur","2018-07-22",2018,7,0.0,"IMD GRID MODEL"
"Tamil Nadu","Thiruvarur","2018-07-23",2018,7,0.0,"IMD GRID MODEL"
"Tamil Nadu","Thiruvarur","2018-07-24",2018,7,0.189780239,"IMD GRID MODEL"
"Tamil Nadu","Thiruvarur","2018-07-25",2018,7,0.0,"IMD GRID MODEL"
"Tamil Nadu","Thiruvarur","2018-07-26",2018,7,0.0,"IMD GRID MODEL"
"Tamil Nadu","Thiruvarur","2018-07-27",2018,7,0.0,"IMD GRID MODEL"
"Tamil Nadu","Thiruvarur","2018-07-28",2018,7,0.0,"IMD GRID MODEL"
"Tamil Nadu","Thiruvarur","2018-07-29",2018,7,0.057368185,"IMD GRID MODEL"
"Tamil Nadu","Thiruvarur","2018-07-30",2018,7,0.0,"IMD GRID MODEL"
"Tamil Nadu","Thiruvarur","2018-07-31",2018,7,0.412609235,"IMD GRID MODEL"
"Tamil Nadu","Thiruvarur","2018-06-21",2018,6,0.0,"IMD GRID MODEL"
"Tamil Nadu","Thiruvarur","2018-06-11",2018,6,0.0,"IMD GRID MODEL"
"Tamil Nadu","Thiruvarur","2018-06-02",2018,6,0.0,"IMD GRID MODEL"
"Tamil Nadu","Thiruvarur","2018-06-03",2018,6,0.0,"IMD GRID MODEL"
"Tamil Nadu","Thiruvarur","2018-06-04",2018,6,0.0,"IMD GRID MODEL"
"Tamil Nadu","Thiruvarur","2018-06-05",2018,6,0.043026138,"IMD GRID MODEL"
"Tamil Nadu","Thiruvarur","2018-06-06",2018,6,0.0,"IMD GRID MODEL"
"Tamil Nadu","Thiruvarur","2018-06-07",2018,6,0.0,"IMD GRID MODEL"
"Tamil Nadu","Thiruvarur","2018-06-08",2018,6,0.0,"IMD GRID MODEL"
"Tamil Nadu","Thiruvarur","2018-06-09",2018,6,0.0,"IMD GRID MODEL"
"Tamil Nadu","Thiruvarur","2018-06-10",2018,6,0.063407182,"IMD GRID MODEL"
"Tamil Nadu","Thiruvarur","2018-06-01",2018,6,0.0,"IMD GRID MODEL"
"Tamil Nadu","Thiruvarur","2018-06-12",2018,6,0.0,"IMD GRID MODEL"
"Tamil Nadu","Thiruvarur","2018-06-13",2018,6,0.0,"IMD GRID MODEL"
"Tamil Nadu","Thiruvarur","2018-06-14",2018,6,0.0,"IMD GRID MODEL"
"Tamil Nadu","Thiruvarur","2018-06-15",2018,6,0.031629704,"IMD GRID MODEL"
"Tamil Nadu","Thiruvarur","2018-06-16",2018,6,0.0,"IMD GRID MODEL"
"Tamil Nadu","Thiruvarur","2018-06-17",2018,6,0.223469676,"IMD GRID MODEL"
"Tamil Nadu","Thiruvarur","2018-06-18",2018,6,0.0,"IMD GRID MODEL"
"Tamil Nadu","Thiruvarur","2018-06-19",2018,6,0.0,"IMD GRID MODEL"
"Tamil Nadu","Thiruvarur","2018-06-20",2018,6,0.0,"IMD GRID MODEL"
"Tamil Nadu","Thiruvarur","2018-06-22",2018,6,0.0,"IMD GRID MODEL"
"Tamil Nadu","Thiruvarur","2018-06-23",2018,6,1.666571886,"IMD GRID MODEL"
"Tamil Nadu","Thiruvarur","2018-06-24",2018,6,1.563036074,"IMD GRID MODEL"
"Tamil Nadu","Thiruvarur","2018-06-25",2018,6,2.267556999,"IMD GRID MODEL"
"Tamil Nadu","Thiruvarur","2018-06-26",2018,6,1.551298839,"IMD GRID MODEL"
"Tamil Nadu","Thiruvarur","2018-06-27",2018,6,0.76343687,"IMD GRID MODEL"
"Tamil Nadu","Thiruvarur","2018-06-28",2018,6,0.078972248,"IMD GRID MODEL"
"Tamil Nadu","Thiruvarur","2018-06-29",2018,6,0.0,"IMD GRID MODEL"
"Tamil Nadu","Thiruvarur","2018-06-30",2018,6,0.0,"IMD GRID MODEL"
"Tamil Nadu","Thiruvarur","2018-03-02",2018,3,0.0,"IMD GRID MODEL"
"Tamil Nadu","Thiruvarur","2018-03-24",2018,3,0.0,"IMD GRID MODEL"
"Tamil Nadu","Thiruvarur","2018-03-28",2018,3,0.0,"IMD GRID MODEL"
"Tamil Nadu","Thiruvarur","2018-03-04",2018,3,0.0,"IMD GRID MODEL"
"Tamil Nadu","Thiruvarur","2018-03-10",2018,3,0.142678896,"IMD GRID MODEL"
"Tamil Nadu","Thiruvarur","2018-03-13",2018,3,0.0,"IMD GRID MODEL"
"Tamil Nadu","Thiruvarur","2018-03-18",2018,3,0.0,"IMD GRID MODEL"
"Tamil Nadu","Thiruvarur","2018-03-31",2018,3,0.0,"IMD GRID MODEL"
"Tamil Nadu","Thiruvarur","2018-03-01",2018,3,0.0,"IMD GRID MODEL"
"Tamil Nadu","Thiruvarur","2018-03-03",2018,3,0.0,"IMD GRID MODEL"
"Tamil Nadu","Thiruvarur","2018-03-05",2018,3,0.0,"IMD GRID MODEL"
"Tamil Nadu","Thiruvarur","2018-03-06",2018,3,0.0,"IMD GRID MODEL"
"Tamil Nadu","Thiruvarur","2018-03-07",2018,3,0.0,"IMD GRID MODEL"
"Tamil Nadu","Thiruvarur","2018-03-08",2018,3,0.0,"IMD GRID MODEL"
"Tamil Nadu","Thiruvarur","2018-03-09",2018,3,0.296634581,"IMD GRID MODEL"
"Tamil Nadu","Thiruvarur","2018-03-12",2018,3,0.0,"IMD GRID MODEL"
"Tamil Nadu","Thiruvarur","2018-03-14",2018,3,0.0,"IMD GRID MODEL"
"Tamil Nadu","Thiruvarur","2018-03-11",2018,3,0.0,"IMD GRID MODEL"
"Tamil Nadu","Thiruvarur","2018-03-15",2018,3,0.0,"IMD GRID MODEL"
"Tamil Nadu","Thiruvarur","2018-03-16",2018,3,0.0,"IMD GRID MODEL"
"Tamil Nadu","Thiruvarur","2018-03-17",2018,3,0.0,"IMD GRID MODEL"
"Tamil Nadu","Thiruvarur","2018-03-19",2018,3,0.034817975,"IMD GRID MODEL"
"Tamil Nadu","Thiruvarur","2018-03-20",2018,3,0.0,"IMD GRID MODEL"
"Tamil Nadu","Thiruvarur","2018-03-21",2018,3,0.0,"IMD GRID MODEL"
"Tamil Nadu","Thiruvarur","2018-03-22",2018,3,0.0,"IMD GRID MODEL"
"Tamil Nadu","Thiruvarur","2018-03-23",2018,3,0.0,"IMD GRID MODEL"
"Tamil Nadu","Thiruvarur","2018-03-25",2018,3,0.0,"IMD GRID MODEL"
"Tamil Nadu","Thiruvarur","2018-03-26",2018,3,0.0,"IMD GRID MODEL"
"Tamil Nadu","Thiruvarur","2018-03-27",2018,3,0.0,"IMD GRID MODEL"
"Tamil Nadu","Thiruvarur","2018-03-29",2018,3,0.0,"IMD GRID MODEL"
"Tamil Nadu","Thiruvarur","2018-03-30",2018,3,0.0,"IMD GRID MODEL"
"Tamil Nadu","Thiruvarur","2018-05-10",2018,5,0.0,"IMD GRID MODEL"
"Tamil Nadu","Thiruvarur","2018-05-19",2018,5,0.0,"IMD GRID MODEL"
"Tamil Nadu","Thiruvarur","2018-05-09",2018,5,0.0,"IMD GRID MODEL"
"Tamil Nadu","Thiruvarur","2018-05-14",2018,5,0.278296713,"IMD GRID MODEL"
"Tamil Nadu","Thiruvarur","2018-05-03",2018,5,0.0,"IMD GRID MODEL"
"Tamil Nadu","Thiruvarur","2018-05-20",2018,5,0.0,"IMD GRID MODEL"
"Tamil Nadu","Thiruvarur","2018-05-02",2018,5,0.0,"IMD GRID MODEL"
"Tamil Nadu","Thiruvarur","2018-05-04",2018,5,1.390128894,"IMD GRID MODEL"
"Tamil Nadu","Thiruvarur","2018-05-05",2018,5,0.0,"IMD GRID MODEL"
"Tamil Nadu","Thiruvarur","2018-05-06",2018,5,0.0,"IMD GRID MODEL"
"Tamil Nadu","Thiruvarur","2018-05-01",2018,5,0.0,"IMD GRID MODEL"
"Tamil Nadu","Thiruvarur","2018-05-07",2018,5,0.0,"IMD GRID MODEL"
"Tamil Nadu","Thiruvarur","2018-05-08",2018,5,0.0,"IMD GRID MODEL"
"Tamil Nadu","Thiruvarur","2018-05-11",2018,5,6.549124164,"IMD GRID MODEL"
"Tamil Nadu","Thiruvarur","2018-05-12",2018,5,0.0,"IMD GRID MODEL"
"Tamil Nadu","Thiruvarur","2018-05-13",2018,5,0.17753766,"IMD GRID MODEL"
"Tamil Nadu","Thiruvarur","2018-05-15",2018,5,1.81675258,"IMD GRID MODEL"
"Tamil Nadu","Thiruvarur","2018-05-16",2018,5,0.134411397,"IMD GRID MODEL"
"Tamil Nadu","Thiruvarur","2018-05-17",2018,5,0.484788575,"IMD GRID MODEL"
"Tamil Nadu","Thiruvarur","2018-05-18",2018,5,0.417702248,"IMD GRID MODEL"
"Tamil Nadu","Thiruvarur","2018-05-21",2018,5,0.0,"IMD GRID MODEL"
"Tamil Nadu","Thiruvarur","2018-05-22",2018,5,0.0,"IMD GRID MODEL"
"Tamil Nadu","Thiruvarur","2018-05-23",2018,5,0.0,"IMD GRID MODEL"
"Tamil Nadu","Thiruvarur","2018-05-24",2018,5,0.0,"IMD GRID MODEL"
"Tamil Nadu","Thiruvarur","2018-05-25",2018,5,0.0,"IMD GRID MODEL"
"Tamil Nadu","Thiruvarur","2018-05-26",2018,5,0.0,"IMD GRID MODEL"
"Tamil Nadu","Thiruvarur","2018-05-27",2018,5,0.0,"IMD GRID MODEL"
"Tamil Nadu","Thiruvarur","2018-05-28",2018,5,0.007040649,"IMD GRID MODEL"
"Tamil Nadu","Thiruvarur","2018-05-29",2018,5,0.0,"IMD GRID MODEL"
"Tamil Nadu","Thiruvarur","2018-05-30",2018,5,0.0,"IMD GRID MODEL"
"Tamil Nadu","Thiruvarur","2018-05-31",2018,5,0.0,"IMD GRID MODEL"
"Tamil Nadu","Thiruvarur","2018-11-19",2018,11,2.991770023,"IMD GRID MODEL"
"Tamil Nadu","Thiruvarur","2018-11-01",2018,11,0.471035398,"IMD GRID MODEL"
"Tamil Nadu","Thiruvarur","2018-11-02",2018,11,0.0,"IMD GRID MODEL"
"Tamil Nadu","Thiruvarur","2018-11-03",2018,11,20.54625265,"IMD GRID MODEL"
"Tamil Nadu","Thiruvarur","2018-11-04",2018,11,38.47509776,"IMD GRID MODEL"
"Tamil Nadu","Thiruvarur","2018-11-05",2018,11,38.78148429,"IMD GRID MODEL"
"Tamil Nadu","Thiruvarur","2018-11-06",2018,11,39.93552753,"IMD GRID MODEL"
"Tamil Nadu","Thiruvarur","2018-11-07",2018,11,7.823501279,"IMD GRID MODEL"
"Tamil Nadu","Thiruvarur","2018-11-08",2018,11,5.961647757,"IMD GRID MODEL"
"Tamil Nadu","Thiruvarur","2018-11-09",2018,11,6.660314837,"IMD GRID MODEL"
"Tamil Nadu","Thiruvarur","2018-11-10",2018,11,0.0,"IMD GRID MODEL"
"Tamil Nadu","Thiruvarur","2018-11-11",2018,11,0.536204097,"IMD GRID MODEL"
"Tamil Nadu","Thiruvarur","2018-11-12",2018,11,0.0,"IMD GRID MODEL"
"Tamil Nadu","Thiruvarur","2018-11-13",2018,11,0.0,"IMD GRID MODEL"
"Tamil Nadu","Thiruvarur","2018-11-14",2018,11,0.025751208,"IMD GRID MODEL"
"Tamil Nadu","Thiruvarur","2018-11-15",2018,11,2.506885208,"IMD GRID MODEL"
"Tamil Nadu","Thiruvarur","2018-11-16",2018,11,8.275811534,"IMD GRID MODEL"
"Tamil Nadu","Thiruvarur","2018-11-17",2018,11,9.117535466,"IMD GRID MODEL"
"Tamil Nadu","Thiruvarur","2018-11-18",2018,11,3.029314606,"IMD GRID MODEL"
"Tamil Nadu","Thiruvarur","2018-11-20",2018,11,1.409421978,"IMD GRID MODEL"
"Tamil Nadu","Thiruvarur","2018-11-21",2018,11,1.279288226,"IMD GRID MODEL"
"Tamil Nadu","Thiruvarur","2018-11-22",2018,11,5.956846663,"IMD GRID MODEL"
"Tamil Nadu","Thiruvarur","2018-11-23",2018,11,2.239458188,"IMD GRID MODEL"
"Tamil Nadu","Thiruvarur","2018-11-24",2018,11,0.182544372,"IMD GRID MODEL"
"Tamil Nadu","Thiruvarur","2018-11-25",2018,11,5.618422616,"IMD GRID MODEL"
"Tamil Nadu","Thiruvarur","2018-11-26",2018,11,0.257126972,"IMD GRID MODEL"
"Tamil Nadu","Thiruvarur","2018-11-27",2018,11,0.288433194,"IMD GRID MODEL"
"Tamil Nadu","Thiruvarur","2018-11-28",2018,11,0.695950375,"IMD GRID MODEL"
"Tamil Nadu","Thiruvarur","2018-11-29",2018,11,0.0,"IMD GRID MODEL"
"Tamil Nadu","Thiruvarur","2018-11-30",2018,11,0.0,"IMD GRID MODEL"
"Tamil Nadu","Thiruvarur","2018-10-05",2018,10,0.0,"IMD GRID MODEL"
"Tamil Nadu","Thiruvarur","2018-10-02",2018,10,0.017783369,"IMD GRID MODEL"
"Tamil Nadu","Thiruvarur","2018-10-10",2018,10,1.376480157,"IMD GRID MODEL"
"Tamil Nadu","Thiruvarur","2018-10-01",2018,10,4.453910485,"IMD GRID MODEL"
"Tamil Nadu","Thiruvarur","2018-10-03",2018,10,0.005600475,"IMD GRID MODEL"
"Tamil Nadu","Thiruvarur","2018-10-04",2018,10,0.050197159,"IMD GRID MODEL"
"Tamil Nadu","Thiruvarur","2018-10-06",2018,10,0.0,"IMD GRID MODEL"
"Tamil Nadu","Thiruvarur","2018-10-07",2018,10,0.0,"IMD GRID MODEL"
"Tamil Nadu","Thiruvarur","2018-10-08",2018,10,0.0,"IMD GRID MODEL"
"Tamil Nadu","Thiruvarur","2018-10-09",2018,10,0.0,"IMD GRID MODEL"
"Tamil Nadu","Thiruvarur","2018-10-11",2018,10,0.0,"IMD GRID MODEL"
"Tamil Nadu","Thiruvarur","2018-10-12",2018,10,0.0,"IMD GRID MODEL"
"Tamil Nadu","Thiruvarur","2018-10-13",2018,10,0.0,"IMD GRID MODEL"
"Tamil Nadu","Thiruvarur","2018-10-14",2018,10,0.0,"IMD GRID MODEL"
"Tamil Nadu","Thiruvarur","2018-10-15",2018,10,0.004529085,"IMD GRID MODEL"
"Tamil Nadu","Thiruvarur","2018-10-16",2018,10,0.0,"IMD GRID MODEL"
"Tamil Nadu","Thiruvarur","2018-10-17",2018,10,0.0,"IMD GRID MODEL"
"Tamil Nadu","Thiruvarur","2018-10-19",2018,10,0.0,"IMD GRID MODEL"
"Tamil Nadu","Thiruvarur","2018-10-20",2018,10,0.047395026,"IMD GRID MODEL"
"Tamil Nadu","Thiruvarur","2018-10-21",2018,10,0.0,"IMD GRID MODEL"
"Tamil Nadu","Thiruvarur","2018-10-22",2018,10,0.0,"IMD GRID MODEL"
"Tamil Nadu","Thiruvarur","2018-10-23",2018,10,0.0,"IMD GRID MODEL"
"Tamil Nadu","Thiruvarur","2018-10-24",2018,10,0.0,"IMD GRID MODEL"
"Tamil Nadu","Thiruvarur","2018-10-18",2018,10,7.672891423,"IMD GRID MODEL"
"Tamil Nadu","Thiruvarur","2018-10-25",2018,10,0.0,"IMD GRID MODEL"
"Tamil Nadu","Thiruvarur","2018-10-26",2018,10,1.545973426,"IMD GRID MODEL"
"Tamil Nadu","Thiruvarur","2018-10-27",2018,10,0.0,"IMD GRID MODEL"
"Tamil Nadu","Thiruvarur","2018-10-28",2018,10,6.044311109,"IMD GRID MODEL"
"Tamil Nadu","Thiruvarur","2018-10-29",2018,10,21.48460387,"IMD GRID MODEL"
"Tamil Nadu","Thiruvarur","2018-10-30",2018,10,1.831792492,"IMD GRID MODEL"
"Tamil Nadu","Thiruvarur","2018-10-31",2018,10,0.0,"IMD GRID MODEL"
"Tamil Nadu","Thiruvarur","2018-09-13",2018,9,0.0,"IMD GRID MODEL"
"Tamil Nadu","Thiruvarur","2018-09-25",2018,9,8.780604611,"IMD GRID MODEL"
"Tamil Nadu","Thiruvarur","2018-09-29",2018,9,0.0,"IMD GRID MODEL"
"Tamil Nadu","Thiruvarur","2018-09-01",2018,9,3.850545545,"IMD GRID MODEL"
"Tamil Nadu","Thiruvarur","2018-09-02",2018,9,0.0,"IMD GRID MODEL"
"Tamil Nadu","Thiruvarur","2018-09-03",2018,9,0.582048077,"IMD GRID MODEL"
"Tamil Nadu","Thiruvarur","2018-09-04",2018,9,4.085070554,"IMD GRID MODEL"
"Tamil Nadu","Thiruvarur","2018-09-05",2018,9,0.0,"IMD GRID MODEL"
"Tamil Nadu","Thiruvarur","2018-09-06",2018,9,0.0,"IMD GRID MODEL"
"Tamil Nadu","Thiruvarur","2018-09-07",2018,9,0.075869382,"IMD GRID MODEL"
"Tamil Nadu","Thiruvarur","2018-09-08",2018,9,0.0,"IMD GRID MODEL"
"Tamil Nadu","Thiruvarur","2018-09-09",2018,9,0.0,"IMD GRID MODEL"
"Tamil Nadu","Thiruvarur","2018-09-10",2018,9,0.0,"IMD GRID MODEL"
"Tamil Nadu","Thiruvarur","2018-09-11",2018,9,5.71930718,"IMD GRID MODEL"
"Tamil Nadu","Thiruvarur","2018-09-12",2018,9,0.0,"IMD GRID MODEL"
"Tamil Nadu","Thiruvarur","2018-09-14",2018,9,0.096357436,"IMD GRID MODEL"
"Tamil Nadu","Thiruvarur","2018-09-15",2018,9,1.249486865,"IMD GRID MODEL"
"Tamil Nadu","Thiruvarur","2018-09-16",2018,9,0.0,"IMD GRID MODEL"
"Tamil Nadu","Thiruvarur","2018-09-17",2018,9,0.0,"IMD GRID MODEL"
"Tamil Nadu","Thiruvarur","2018-09-18",2018,9,0.0,"IMD GRID MODEL"
"Tamil Nadu","Thiruvarur","2018-09-19",2018,9,0.0,"IMD GRID MODEL"
"Tamil Nadu","Thiruvarur","2018-09-20",2018,9,0.0,"IMD GRID MODEL"
"Tamil Nadu","Thiruvarur","2018-09-21",2018,9,0.0,"IMD GRID MODEL"
"Tamil Nadu","Thiruvarur","2018-09-22",2018,9,0.0,"IMD GRID MODEL"
"Tamil Nadu","Thiruvarur","2018-09-23",2018,9,0.0,"IMD GRID MODEL"
"Tamil Nadu","Thiruvarur","2018-09-24",2018,9,2.953642557,"IMD GRID MODEL"
"Tamil Nadu","Thiruvarur","2018-09-26",2018,9,0.135872534,"IMD GRID MODEL"
"Tamil Nadu","Thiruvarur","2018-09-27",2018,9,0.0,"IMD GRID MODEL"
"Tamil Nadu","Thiruvarur","2018-09-28",2018,9,16.57127049,"IMD GRID MODEL"
"Tamil Nadu","Thiruvarur","2018-09-30",2018,9,0.0,"IMD GRID MODEL"
"Tamil Nadu","Thiruvarur","2019-04-06",2019,4,0.0,"IMD GRID MODEL"
"Tamil Nadu","Thiruvarur","2019-04-30",2019,4,0.0,"IMD GRID MODEL"
"Tamil Nadu","Thiruvarur","2019-04-01",2019,4,0.0,"IMD GRID MODEL"
"Tamil Nadu","Thiruvarur","2019-04-02",2019,4,0.0,"IMD GRID MODEL"
"Tamil Nadu","Thiruvarur","2019-04-03",2019,4,0.0,"IMD GRID MODEL"
"Tamil Nadu","Thiruvarur","2019-04-04",2019,4,0.0,"IMD GRID MODEL"
"Tamil Nadu","Thiruvarur","2019-04-05",2019,4,0.0,"IMD GRID MODEL"
"Tamil Nadu","Thiruvarur","2019-04-07",2019,4,0.0,"IMD GRID MODEL"
"Tamil Nadu","Thiruvarur","2019-04-08",2019,4,0.0,"IMD GRID MODEL"
"Tamil Nadu","Thiruvarur","2019-04-09",2019,4,0.0,"IMD GRID MODEL"
"Tamil Nadu","Thiruvarur","2019-04-10",2019,4,0.0,"IMD GRID MODEL"
"Tamil Nadu","Thiruvarur","2019-04-11",2019,4,0.0,"IMD GRID MODEL"
"Tamil Nadu","Thiruvarur","2019-04-12",2019,4,0.0,"IMD GRID MODEL"
"Tamil Nadu","Thiruvarur","2019-04-13",2019,4,0.0,"IMD GRID MODEL"
"Tamil Nadu","Thiruvarur","2019-04-14",2019,4,0.0,"IMD GRID MODEL"
"Tamil Nadu","Thiruvarur","2019-04-15",2019,4,0.0,"IMD GRID MODEL"
"Tamil Nadu","Thiruvarur","2019-04-16",2019,4,0.0,"IMD GRID MODEL"
"Tamil Nadu","Thiruvarur","2019-04-17",2019,4,0.0,"IMD GRID MODEL"
"Tamil Nadu","Thiruvarur","2019-04-18",2019,4,0.0,"IMD GRID MODEL"
"Tamil Nadu","Thiruvarur","2019-04-19",2019,4,0.004717008,"IMD GRID MODEL"
"Tamil Nadu","Thiruvarur","2019-04-20",2019,4,3.883458725,"IMD GRID MODEL"
"Tamil Nadu","Thiruvarur","2019-04-21",2019,4,0.060362707,"IMD GRID MODEL"
"Tamil Nadu","Thiruvarur","2019-04-22",2019,4,0.0,"IMD GRID MODEL"
"Tamil Nadu","Thiruvarur","2019-04-24",2019,4,2.22108574,"IMD GRID MODEL"
"Tamil Nadu","Thiruvarur","2019-04-25",2019,4,0.0,"IMD GRID MODEL"
"Tamil Nadu","Thiruvarur","2019-04-26",2019,4,0.0,"IMD GRID MODEL"
"Tamil Nadu","Thiruvarur","2019-04-27",2019,4,0.0,"IMD GRID MODEL"
"Tamil Nadu","Thiruvarur","2019-04-23",2019,4,0.008016232,"IMD GRID MODEL"
"Tamil Nadu","Thiruvarur","2019-04-28",2019,4,0.0,"IMD GRID MODEL"
"Tamil Nadu","Thiruvarur","2019-04-29",2019,4,0.0,"IMD GRID MODEL"
"Tamil Nadu","Thiruvarur","2019-08-18",2019,8,0.017704041,"IMD GRID MODEL"
"Tamil Nadu","Thiruvarur","2019-08-01",2019,8,0.0,"IMD GRID MODEL"
"Tamil Nadu","Thiruvarur","2019-08-02",2019,8,0.0,"IMD GRID MODEL"
"Tamil Nadu","Thiruvarur","2019-08-03",2019,8,0.0,"IMD GRID MODEL"
"Tamil Nadu","Thiruvarur","2019-08-04",2019,8,0.0,"IMD GRID MODEL"
"Tamil Nadu","Thiruvarur","2019-08-05",2019,8,0.0,"IMD GRID MODEL"
"Tamil Nadu","Thiruvarur","2019-08-06",2019,8,0.426224222,"IMD GRID MODEL"
"Tamil Nadu","Thiruvarur","2019-08-07",2019,8,3.648023082,"IMD GRID MODEL"
"Tamil Nadu","Thiruvarur","2019-08-08",2019,8,0.058807811,"IMD GRID MODEL"
"Tamil Nadu","Thiruvarur","2019-08-09",2019,8,0.0,"IMD GRID MODEL"
"Tamil Nadu","Thiruvarur","2019-08-10",2019,8,0.0,"IMD GRID MODEL"
"Tamil Nadu","Thiruvarur","2019-08-11",2019,8,0.0,"IMD GRID MODEL"
"Tamil Nadu","Thiruvarur","2019-08-12",2019,8,0.023211984,"IMD GRID MODEL"
"Tamil Nadu","Thiruvarur","2019-08-13",2019,8,1.966774075,"IMD GRID MODEL"
"Tamil Nadu","Thiruvarur","2019-08-14",2019,8,0.488977163,"IMD GRID MODEL"
"Tamil Nadu","Thiruvarur","2019-08-15",2019,8,0.017659914,"IMD GRID MODEL"
"Tamil Nadu","Thiruvarur","2019-08-16",2019,8,0.598531757,"IMD GRID MODEL"
"Tamil Nadu","Thiruvarur","2019-08-17",2019,8,38.36079248,"IMD GRID MODEL"
"Tamil Nadu","Thiruvarur","2019-08-19",2019,8,5.271414047,"IMD GRID MODEL"
"Tamil Nadu","Thiruvarur","2019-08-20",2019,8,8.75778919,"IMD GRID MODEL"
"Tamil Nadu","Thiruvarur","2019-08-21",2019,8,3.563833227,"IMD GRID MODEL"
"Tamil Nadu","Thiruvarur","2019-08-22",2019,8,23.60439828,"IMD GRID MODEL"
"Tamil Nadu","Thiruvarur","2019-08-23",2019,8,20.89143942,"IMD GRID MODEL"
"Tamil Nadu","Thiruvarur","2019-08-24",2019,8,8.722017812,"IMD GRID MODEL"
"Tamil Nadu","Thiruvarur","2019-08-25",2019,8,0.0,"IMD GRID MODEL"
"Tamil Nadu","Thiruvarur","2019-08-26",2019,8,6.270950948,"IMD GRID MODEL"
"Tamil Nadu","Thiruvarur","2019-08-27",2019,8,3.223125278,"IMD GRID MODEL"
"Tamil Nadu","Thiruvarur","2019-08-28",2019,8,0.0,"IMD GRID MODEL"
"Tamil Nadu","Thiruvarur","2019-08-29",2019,8,0.0,"IMD GRID MODEL"
"Tamil Nadu","Thiruvarur","2019-08-30",2019,8,2.95261242,"IMD GRID MODEL"
"Tamil Nadu","Thiruvarur","2019-08-31",2019,8,0.0,"IMD GRID MODEL"
"Tamil Nadu","Thiruvarur","2019-12-13",2019,12,1.139859552,"IMD GRID MODEL"
"Tamil Nadu","Thiruvarur","2019-12-12",2019,12,0.0,"IMD GRID MODEL"
"Tamil Nadu","Thiruvarur","2019-12-01",2019,12,79.03219689,"IMD GRID MODEL"
"Tamil Nadu","Thiruvarur","2019-12-02",2019,12,3.58138958,"IMD GRID MODEL"
"Tamil Nadu","Thiruvarur","2019-12-03",2019,12,20.75885586,"IMD GRID MODEL"
"Tamil Nadu","Thiruvarur","2019-12-04",2019,12,4.894438676,"IMD GRID MODEL"
"Tamil Nadu","Thiruvarur","2019-12-05",2019,12,0.017783369,"IMD GRID MODEL"
"Tamil Nadu","Thiruvarur","2019-12-06",2019,12,0.091272186,"IMD GRID MODEL"
"Tamil Nadu","Thiruvarur","2019-12-07",2019,12,13.25560998,"IMD GRID MODEL"
"Tamil Nadu","Thiruvarur","2019-12-08",2019,12,15.3056949,"IMD GRID MODEL"
"Tamil Nadu","Thiruvarur","2019-12-09",2019,12,0.0,"IMD GRID MODEL"
"Tamil Nadu","Thiruvarur","2019-12-11",2019,12,0.0,"IMD GRID MODEL"
"Tamil Nadu","Thiruvarur","2019-12-14",2019,12,36.28236926,"IMD GRID MODEL"
"Tamil Nadu","Thiruvarur","2019-12-10",2019,12,0.0,"IMD GRID MODEL"
"Tamil Nadu","Thiruvarur","2019-12-15",2019,12,4.27391576,"IMD GRID MODEL"
"Tamil Nadu","Thiruvarur","2019-12-16",2019,12,5.159624223,"IMD GRID MODEL"
"Tamil Nadu","Thiruvarur","2019-12-17",2019,12,5.408932626,"IMD GRID MODEL"
"Tamil Nadu","Thiruvarur","2019-12-18",2019,12,2.68591838,"IMD GRID MODEL"
"Tamil Nadu","Thiruvarur","2019-12-19",2019,12,1.583971922,"IMD GRID MODEL"
"Tamil Nadu","Thiruvarur","2019-12-20",2019,12,0.450659343,"IMD GRID MODEL"
"Tamil Nadu","Thiruvarur","2019-12-21",2019,12,1.382742496,"IMD GRID MODEL"
"Tamil Nadu","Thiruvarur","2019-12-22",2019,12,0.0,"IMD GRID MODEL"
"Tamil Nadu","Thiruvarur","2019-12-23",2019,12,0.0,"IMD GRID MODEL"
"Tamil Nadu","Thiruvarur","2019-12-24",2019,12,0.863399379,"IMD GRID MODEL"
"Tamil Nadu","Thiruvarur","2019-12-25",2019,12,33.68260644,"IMD GRID MODEL"
"Tamil Nadu","Thiruvarur","2019-12-26",2019,12,16.61217864,"IMD GRID MODEL"
"Tamil Nadu","Thiruvarur","2019-12-27",2019,12,0.0,"IMD GRID MODEL"
"Tamil Nadu","Thiruvarur","2019-12-28",2019,12,0.0,"IMD GRID MODEL"
"Tamil Nadu","Thiruvarur","2019-12-29",2019,12,0.0,"IMD GRID MODEL"
"Tamil Nadu","Thiruvarur","2019-12-30",2019,12,0.227608153,"IMD GRID MODEL"
"Tamil Nadu","Thiruvarur","2019-12-31",2019,12,1.326582383,"IMD GRID MODEL"
"Tamil Nadu","Thiruvarur","2019-02-06",2019,2,0.0,"IMD GRID MODEL"
"Tamil Nadu","Thiruvarur","2019-02-17",2019,2,0.0,"IMD GRID MODEL"
"Tamil Nadu","Thiruvarur","2019-02-09",2019,2,0.0,"IMD GRID MODEL"
"Tamil Nadu","Thiruvarur","2019-02-01",2019,2,0.0,"IMD GRID MODEL"
"Tamil Nadu","Thiruvarur","2019-02-02",2019,2,0.0,"IMD GRID MODEL"
"Tamil Nadu","Thiruvarur","2019-02-03",2019,2,0.0,"IMD GRID MODEL"
"Tamil Nadu","Thiruvarur","2019-02-04",2019,2,0.0,"IMD GRID MODEL"
"Tamil Nadu","Thiruvarur","2019-02-05",2019,2,2.053165524,"IMD GRID MODEL"
"Tamil Nadu","Thiruvarur","2019-02-07",2019,2,0.0,"IMD GRID MODEL"
"Tamil Nadu","Thiruvarur","2019-02-08",2019,2,0.0,"IMD GRID MODEL"
"Tamil Nadu","Thiruvarur","2019-02-10",2019,2,0.0,"IMD GRID MODEL"
"Tamil Nadu","Thiruvarur","2019-02-11",2019,2,0.0,"IMD GRID MODEL"
"Tamil Nadu","Thiruvarur","2019-02-12",2019,2,0.0,"IMD GRID MODEL"
"Tamil Nadu","Thiruvarur","2019-02-13",2019,2,0.0,"IMD GRID MODEL"
"Tamil Nadu","Thiruvarur","2019-02-14",2019,2,0.0,"IMD GRID MODEL"
"Tamil Nadu","Thiruvarur","2019-02-15",2019,2,0.0,"IMD GRID MODEL"
"Tamil Nadu","Thiruvarur","2019-02-16",2019,2,0.0,"IMD GRID MODEL"
"Tamil Nadu","Thiruvarur","2019-02-18",2019,2,0.0,"IMD GRID MODEL"
"Tamil Nadu","Thiruvarur","2019-02-19",2019,2,0.0,"IMD GRID MODEL"
"Tamil Nadu","Thiruvarur","2019-02-20",2019,2,0.0,"IMD GRID MODEL"
"Tamil Nadu","Thiruvarur","2019-02-21",2019,2,0.0,"IMD GRID MODEL"
"Tamil Nadu","Thiruvarur","2019-02-22",2019,2,0.0,"IMD GRID MODEL"
"Tamil Nadu","Thiruvarur","2019-02-23",2019,2,0.0,"IMD GRID MODEL"
"Tamil Nadu","Thiruvarur","2019-02-24",2019,2,0.0,"IMD GRID MODEL"
"Tamil Nadu","Thiruvarur","2019-02-25",2019,2,0.0,"IMD GRID MODEL"
"Tamil Nadu","Thiruvarur","2019-02-26",2019,2,0.0,"IMD GRID MODEL"
"Tamil Nadu","Thiruvarur","2019-02-27",2019,2,0.0,"IMD GRID MODEL"
"Tamil Nadu","Thiruvarur","2019-02-28",2019,2,0.0,"IMD GRID MODEL"
"Tamil Nadu","Thiruvarur","2019-01-01",2019,1,0.0,"IMD GRID MODEL"
"Tamil Nadu","Thiruvarur","2019-01-02",2019,1,0.0,"IMD GRID MODEL"
"Tamil Nadu","Thiruvarur","2019-01-03",2019,1,0.0,"IMD GRID MODEL"
"Tamil Nadu","Thiruvarur","2019-01-04",2019,1,0.0,"IMD GRID MODEL"
"Tamil Nadu","Thiruvarur","2019-01-05",2019,1,0.0,"IMD GRID MODEL"
"Tamil Nadu","Thiruvarur","2019-01-06",2019,1,0.0,"IMD GRID MODEL"
"Tamil Nadu","Thiruvarur","2019-01-07",2019,1,0.0,"IMD GRID MODEL"
"Tamil Nadu","Thiruvarur","2019-01-08",2019,1,0.0,"IMD GRID MODEL"
"Tamil Nadu","Thiruvarur","2019-01-09",2019,1,0.0,"IMD GRID MODEL"
"Tamil Nadu","Thiruvarur","2019-01-10",2019,1,0.0,"IMD GRID MODEL"
"Tamil Nadu","Thiruvarur","2019-01-11",2019,1,0.0,"IMD GRID MODEL"
"Tamil Nadu","Thiruvarur","2019-01-12",2019,1,0.0,"IMD GRID MODEL"
"Tamil Nadu","Thiruvarur","2019-01-13",2019,1,0.0,"IMD GRID MODEL"
"Tamil Nadu","Thiruvarur","2019-01-14",2019,1,0.0,"IMD GRID MODEL"
"Tamil Nadu","Thiruvarur","2019-01-15",2019,1,0.0,"IMD GRID MODEL"
"Tamil Nadu","Thiruvarur","2019-01-16",2019,1,0.0,"IMD GRID MODEL"
"Tamil Nadu","Thiruvarur","2019-01-17",2019,1,0.0,"IMD GRID MODEL"
"Tamil Nadu","Thiruvarur","2019-01-18",2019,1,0.0,"IMD GRID MODEL"
"Tamil Nadu","Thiruvarur","2019-01-19",2019,1,0.0,"IMD GRID MODEL"
"Tamil Nadu","Thiruvarur","2019-01-20",2019,1,0.0,"IMD GRID MODEL"
"Tamil Nadu","Thiruvarur","2019-01-21",2019,1,0.0,"IMD GRID MODEL"
"Tamil Nadu","Thiruvarur","2019-01-22",2019,1,0.0,"IMD GRID MODEL"
"Tamil Nadu","Thiruvarur","2019-01-23",2019,1,0.0,"IMD GRID MODEL"
"Tamil Nadu","Thiruvarur","2019-01-24",2019,1,0.0,"IMD GRID MODEL"
"Tamil Nadu","Thiruvarur","2019-01-26",2019,1,0.0,"IMD GRID MODEL"
"Tamil Nadu","Thiruvarur","2019-01-27",2019,1,0.0,"IMD GRID MODEL"
"Tamil Nadu","Thiruvarur","2019-01-25",2019,1,0.0,"IMD GRID MODEL"
"Tamil Nadu","Thiruvarur","2019-01-28",2019,1,0.0,"IMD GRID MODEL"
"Tamil Nadu","Thiruvarur","2019-01-29",2019,1,0.0,"IMD GRID MODEL"
"Tamil Nadu","Thiruvarur","2019-01-30",2019,1,0.0,"IMD GRID MODEL"
"Tamil Nadu","Thiruvarur","2019-01-31",2019,1,0.0,"IMD GRID MODEL"
"Tamil Nadu","Thiruvarur","2019-07-16",2019,7,0.321682689,"IMD GRID MODEL"
"Tamil Nadu","Thiruvarur","2019-07-07",2019,7,0.0,"IMD GRID MODEL"
"Tamil Nadu","Thiruvarur","2019-07-20",2019,7,5.390636854,"IMD GRID MODEL"
"Tamil Nadu","Thiruvarur","2019-07-25",2019,7,0.0,"IMD GRID MODEL"
"Tamil Nadu","Thiruvarur","2019-07-01",2019,7,0.0,"IMD GRID MODEL"
"Tamil Nadu","Thiruvarur","2019-07-02",2019,7,0.0,"IMD GRID MODEL"
"Tamil Nadu","Thiruvarur","2019-07-03",2019,7,0.0,"IMD GRID MODEL"
"Tamil Nadu","Thiruvarur","2019-07-04",2019,7,0.0,"IMD GRID MODEL"
"Tamil Nadu","Thiruvarur","2019-07-05",2019,7,0.0,"IMD GRID MODEL"
"Tamil Nadu","Thiruvarur","2019-07-06",2019,7,0.0,"IMD GRID MODEL"
"Tamil Nadu","Thiruvarur","2019-07-08",2019,7,0.0,"IMD GRID MODEL"
"Tamil Nadu","Thiruvarur","2019-07-09",2019,7,0.0,"IMD GRID MODEL"
"Tamil Nadu","Thiruvarur","2019-07-10",2019,7,3.010742189,"IMD GRID MODEL"
"Tamil Nadu","Thiruvarur","2019-07-11",2019,7,1.381141528,"IMD GRID MODEL"
"Tamil Nadu","Thiruvarur","2019-07-12",2019,7,0.014819473,"IMD GRID MODEL"
"Tamil Nadu","Thiruvarur","2019-07-13",2019,7,0.0,"IMD GRID MODEL"
"Tamil Nadu","Thiruvarur","2019-07-14",2019,7,0.0,"IMD GRID MODEL"
"Tamil Nadu","Thiruvarur","2019-07-15",2019,7,11.61604444,"IMD GRID MODEL"
"Tamil Nadu","Thiruvarur","2019-07-17",2019,7,0.0,"IMD GRID MODEL"
"Tamil Nadu","Thiruvarur","2019-07-18",2019,7,14.72346751,"IMD GRID MODEL"
"Tamil Nadu","Thiruvarur","2019-07-19",2019,7,8.932018284,"IMD GRID MODEL"
"Tamil Nadu","Thiruvarur","2019-07-21",2019,7,0.02443259,"IMD GRID MODEL"
"Tamil Nadu","Thiruvarur","2019-07-22",2019,7,0.150591476,"IMD GRID MODEL"
"Tamil Nadu","Thiruvarur","2019-07-23",2019,7,0.14898804,"IMD GRID MODEL"
"Tamil Nadu","Thiruvarur","2019-07-24",2019,7,0.0,"IMD GRID MODEL"
"Tamil Nadu","Thiruvarur","2019-07-26",2019,7,2.829908812,"IMD GRID MODEL"
"Tamil Nadu","Thiruvarur","2019-07-27",2019,7,0.308043614,"IMD GRID MODEL"
"Tamil Nadu","Thiruvarur","2019-07-28",2019,7,0.0,"IMD GRID MODEL"
"Tamil Nadu","Thiruvarur","2019-07-29",2019,7,0.068826742,"IMD GRID MODEL"
"Tamil Nadu","Thiruvarur","2019-07-30",2019,7,0.0,"IMD GRID MODEL"
"Tamil Nadu","Thiruvarur","2019-07-31",2019,7,0.0,"IMD GRID MODEL"
"Tamil Nadu","Thiruvarur","2019-06-24",2019,6,0.0,"IMD GRID MODEL"
"Tamil Nadu","Thiruvarur","2019-06-04",2019,6,0.0,"IMD GRID MODEL"
"Tamil Nadu","Thiruvarur","2019-06-18",2019,6,0.0,"IMD GRID MODEL"
"Tamil Nadu","Thiruvarur","2019-06-28",2019,6,0.0,"IMD GRID MODEL"
"Tamil Nadu","Thiruvarur","2019-06-01",2019,6,0.0,"IMD GRID MODEL"
"Tamil Nadu","Thiruvarur","2019-06-02",2019,6,0.0,"IMD GRID MODEL"
"Tamil Nadu","Thiruvarur","2019-06-03",2019,6,0.0,"IMD GRID MODEL"
"Tamil Nadu","Thiruvarur","2019-06-05",2019,6,0.0,"IMD GRID MODEL"
"Tamil Nadu","Thiruvarur","2019-06-06",2019,6,0.0,"IMD GRID MODEL"
"Tamil Nadu","Thiruvarur","2019-06-07",2019,6,0.0,"IMD GRID MODEL"
"Tamil Nadu","Thiruvarur","2019-06-08",2019,6,0.0,"IMD GRID MODEL"
"Tamil Nadu","Thiruvarur","2019-06-09",2019,6,0.0,"IMD GRID MODEL"
"Tamil Nadu","Thiruvarur","2019-06-10",2019,6,0.0,"IMD GRID MODEL"
"Tamil Nadu","Thiruvarur","2019-06-11",2019,6,0.0,"IMD GRID MODEL"
"Tamil Nadu","Thiruvarur","2019-06-12",2019,6,0.0,"IMD GRID MODEL"
"Tamil Nadu","Thiruvarur","2019-06-13",2019,6,0.0,"IMD GRID MODEL"
"Tamil Nadu","Thiruvarur","2019-06-14",2019,6,0.0,"IMD GRID MODEL"
"Tamil Nadu","Thiruvarur","2019-06-15",2019,6,0.0,"IMD GRID MODEL"
"Tamil Nadu","Thiruvarur","2019-06-16",2019,6,0.0,"IMD GRID MODEL"
"Tamil Nadu","Thiruvarur","2019-06-17",2019,6,0.0,"IMD GRID MODEL"
"Tamil Nadu","Thiruvarur","2019-06-19",2019,6,0.0,"IMD GRID MODEL"
"Tamil Nadu","Thiruvarur","2019-06-20",2019,6,0.0,"IMD GRID MODEL"
"Tamil Nadu","Thiruvarur","2019-06-21",2019,6,0.0,"IMD GRID MODEL"
"Tamil Nadu","Thiruvarur","2019-06-22",2019,6,0.0,"IMD GRID MODEL"
"Tamil Nadu","Thiruvarur","2019-06-23",2019,6,0.0,"IMD GRID MODEL"
"Tamil Nadu","Thiruvarur","2019-06-25",2019,6,0.0,"IMD GRID MODEL"
"Tamil Nadu","Thiruvarur","2019-06-26",2019,6,0.730819827,"IMD GRID MODEL"
"Tamil Nadu","Thiruvarur","2019-06-27",2019,6,1.702925247,"IMD GRID MODEL"
"Tamil Nadu","Thiruvarur","2019-06-29",2019,6,0.0,"IMD GRID MODEL"
"Tamil Nadu","Thiruvarur","2019-06-30",2019,6,0.0,"IMD GRID MODEL"
"Tamil Nadu","Thiruvarur","2019-03-27",2019,3,0.0,"IMD GRID MODEL"
"Tamil Nadu","Thiruvarur","2019-03-31",2019,3,0.0,"IMD GRID MODEL"
"Tamil Nadu","Thiruvarur","2019-03-01",2019,3,0.100394318,"IMD GRID MODEL"
"Tamil Nadu","Thiruvarur","2019-03-02",2019,3,0.0,"IMD GRID MODEL"
"Tamil Nadu","Thiruvarur","2019-03-03",2019,3,0.0,"IMD GRID MODEL"
"Tamil Nadu","Thiruvarur","2019-03-04",2019,3,0.0,"IMD GRID MODEL"
"Tamil Nadu","Thiruvarur","2019-03-05",2019,3,0.0,"IMD GRID MODEL"
"Tamil Nadu","Thiruvarur","2019-03-06",2019,3,0.0,"IMD GRID MODEL"
"Tamil Nadu","Thiruvarur","2019-03-07",2019,3,0.0,"IMD GRID MODEL"
"Tamil Nadu","Thiruvarur","2019-03-08",2019,3,0.0,"IMD GRID MODEL"
"Tamil Nadu","Thiruvarur","2019-03-10",2019,3,0.0,"IMD GRID MODEL"
"Tamil Nadu","Thiruvarur","2019-03-11",2019,3,0.0,"IMD GRID MODEL"
"Tamil Nadu","Thiruvarur","2019-03-12",2019,3,0.0,"IMD GRID MODEL"
"Tamil Nadu","Thiruvarur","2019-03-09",2019,3,0.075869382,"IMD GRID MODEL"
"Tamil Nadu","Thiruvarur","2019-03-13",2019,3,0.0,"IMD GRID MODEL"
"Tamil Nadu","Thiruvarur","2019-03-14",2019,3,0.0,"IMD GRID MODEL"
"Tamil Nadu","Thiruvarur","2019-03-15",2019,3,0.0,"IMD GRID MODEL"
"Tamil Nadu","Thiruvarur","2019-03-16",2019,3,0.0,"IMD GRID MODEL"
"Tamil Nadu","Thiruvarur","2019-03-17",2019,3,0.0,"IMD GRID MODEL"
"Tamil Nadu","Thiruvarur","2019-03-18",2019,3,0.0,"IMD GRID MODEL"
"Tamil Nadu","Thiruvarur","2019-03-19",2019,3,0.0,"IMD GRID MODEL"
"Tamil Nadu","Thiruvarur","2019-03-20",2019,3,0.0,"IMD GRID MODEL"
"Tamil Nadu","Thiruvarur","2019-03-21",2019,3,0.0,"IMD GRID MODEL"
"Tamil Nadu","Thiruvarur","2019-03-22",2019,3,0.0,"IMD GRID MODEL"
"Tamil Nadu","Thiruvarur","2019-03-23",2019,3,0.0,"IMD GRID MODEL"
"Tamil Nadu","Thiruvarur","2019-03-24",2019,3,0.0,"IMD GRID MODEL"
"Tamil Nadu","Thiruvarur","2019-03-25",2019,3,0.0,"IMD GRID MODEL"
"Tamil Nadu","Thiruvarur","2019-03-26",2019,3,0.0,"IMD GRID MODEL"
"Tamil Nadu","Thiruvarur","2019-03-28",2019,3,0.0,"IMD GRID MODEL"
"Tamil Nadu","Thiruvarur","2019-03-29",2019,3,0.0,"IMD GRID MODEL"
"Tamil Nadu","Thiruvarur","2019-03-30",2019,3,0.0,"IMD GRID MODEL"
"Tamil Nadu","Thiruvarur","2019-05-01",2019,5,0.0,"IMD GRID MODEL"
"Tamil Nadu","Thiruvarur","2019-05-02",2019,5,0.0,"IMD GRID MODEL"
"Tamil Nadu","Thiruvarur","2019-05-03",2019,5,0.0,"IMD GRID MODEL"
"Tamil Nadu","Thiruvarur","2019-05-04",2019,5,0.0,"IMD GRID MODEL"
"Tamil Nadu","Thiruvarur","2019-05-05",2019,5,0.0,"IMD GRID MODEL"
"Tamil Nadu","Thiruvarur","2019-05-06",2019,5,0.0,"IMD GRID MODEL"
"Tamil Nadu","Thiruvarur","2019-05-07",2019,5,0.0,"IMD GRID MODEL"
"Tamil Nadu","Thiruvarur","2019-05-08",2019,5,0.0,"IMD GRID MODEL"
"Tamil Nadu","Thiruvarur","2019-05-09",2019,5,0.0,"IMD GRID MODEL"
"Tamil Nadu","Thiruvarur","2019-05-10",2019,5,0.0,"IMD GRID MODEL"
"Tamil Nadu","Thiruvarur","2019-05-11",2019,5,0.0,"IMD GRID MODEL"
"Tamil Nadu","Thiruvarur","2019-05-12",2019,5,0.0,"IMD GRID MODEL"
"Tamil Nadu","Thiruvarur","2019-05-13",2019,5,0.0,"IMD GRID MODEL"
"Tamil Nadu","Thiruvarur","2019-05-14",2019,5,0.0,"IMD GRID MODEL"
"Tamil Nadu","Thiruvarur","2019-05-15",2019,5,0.0,"IMD GRID MODEL"
"Tamil Nadu","Thiruvarur","2019-05-16",2019,5,0.0,"IMD GRID MODEL"
"Tamil Nadu","Thiruvarur","2019-05-17",2019,5,0.0,"IMD GRID MODEL"
"Tamil Nadu","Thiruvarur","2019-05-18",2019,5,0.0,"IMD GRID MODEL"
"Tamil Nadu","Thiruvarur","2019-05-19",2019,5,0.0,"IMD GRID MODEL"
"Tamil Nadu","Thiruvarur","2019-05-20",2019,5,0.0,"IMD GRID MODEL"
"Tamil Nadu","Thiruvarur","2019-05-21",2019,5,0.0,"IMD GRID MODEL"
"Tamil Nadu","Thiruvarur","2019-05-22",2019,5,0.0,"IMD GRID MODEL"
"Tamil Nadu","Thiruvarur","2019-05-23",2019,5,0.0,"IMD GRID MODEL"
"Tamil Nadu","Thiruvarur","2019-05-24",2019,5,0.0,"IMD GRID MODEL"
"Tamil Nadu","Thiruvarur","2019-05-25",2019,5,0.0,"IMD GRID MODEL"
"Tamil Nadu","Thiruvarur","2019-05-26",2019,5,0.0,"IMD GRID MODEL"
"Tamil Nadu","Thiruvarur","2019-05-27",2019,5,0.0,"IMD GRID MODEL"
"Tamil Nadu","Thiruvarur","2019-05-28",2019,5,0.0,"IMD GRID MODEL"
"Tamil Nadu","Thiruvarur","2019-05-29",2019,5,0.0,"IMD GRID MODEL"
"Tamil Nadu","Thiruvarur","2019-05-30",2019,5,0.0,"IMD GRID MODEL"
"Tamil Nadu","Thiruvarur","2019-05-31",2019,5,0.0,"IMD GRID MODEL"
"Tamil Nadu","Thiruvarur","2019-11-16",2019,11,2.550929743,"IMD GRID MODEL"
"Tamil Nadu","Thiruvarur","2019-11-22",2019,11,17.01488435,"IMD GRID MODEL"
"Tamil Nadu","Thiruvarur","2019-11-20",2019,11,3.050880414,"IMD GRID MODEL"
"Tamil Nadu","Thiruvarur","2019-11-01",2019,11,2.745875037,"IMD GRID MODEL"
"Tamil Nadu","Thiruvarur","2019-11-02",2019,11,8.849541232,"IMD GRID MODEL"
"Tamil Nadu","Thiruvarur","2019-11-03",2019,11,0.342270693,"IMD GRID MODEL"
"Tamil Nadu","Thiruvarur","2019-11-04",2019,11,2.150839425,"IMD GRID MODEL"
"Tamil Nadu","Thiruvarur","2019-11-05",2019,11,0.0,"IMD GRID MODEL"
"Tamil Nadu","Thiruvarur","2019-11-06",2019,11,0.0,"IMD GRID MODEL"
"Tamil Nadu","Thiruvarur","2019-11-08",2019,11,0.0,"IMD GRID MODEL"
"Tamil Nadu","Thiruvarur","2019-11-09",2019,11,0.0,"IMD GRID MODEL"
"Tamil Nadu","Thiruvarur","2019-11-10",2019,11,0.0,"IMD GRID MODEL"
"Tamil Nadu","Thiruvarur","2019-11-11",2019,11,2.585277098,"IMD GRID MODEL"
"Tamil Nadu","Thiruvarur","2019-11-12",2019,11,0.683616631,"IMD GRID MODEL"
"Tamil Nadu","Thiruvarur","2019-11-07",2019,11,0.0,"IMD GRID MODEL"
"Tamil Nadu","Thiruvarur","2019-11-13",2019,11,0.309501281,"IMD GRID MODEL"
"Tamil Nadu","Thiruvarur","2019-11-14",2019,11,0.665284202,"IMD GRID MODEL"
"Tamil Nadu","Thiruvarur","2019-11-17",2019,11,6.950760717,"IMD GRID MODEL"
"Tamil Nadu","Thiruvarur","2019-11-18",2019,11,2.699174682,"IMD GRID MODEL"
"Tamil Nadu","Thiruvarur","2019-11-15",2019,11,6.916589843,"IMD GRID MODEL"
"Tamil Nadu","Thiruvarur","2019-11-19",2019,11,6.204751927,"IMD GRID MODEL"
"Tamil Nadu","Thiruvarur","2019-11-21",2019,11,3.148961975,"IMD GRID MODEL"
"Tamil Nadu","Thiruvarur","2019-11-23",2019,11,24.5711928,"IMD GRID MODEL"
"Tamil Nadu","Thiruvarur","2019-11-24",2019,11,16.79455623,"IMD GRID MODEL"
"Tamil Nadu","Thiruvarur","2019-11-25",2019,11,3.045640927,"IMD GRID MODEL"
"Tamil Nadu","Thiruvarur","2019-11-26",2019,11,1.535511707,"IMD GRID MODEL"
"Tamil Nadu","Thiruvarur","2019-11-27",2019,11,3.600009403,"IMD GRID MODEL"
"Tamil Nadu","Thiruvarur","2019-11-28",2019,11,37.92930947,"IMD GRID MODEL"
"Tamil Nadu","Thiruvarur","2019-11-29",2019,11,43.67394149,"IMD GRID MODEL"
"Tamil Nadu","Thiruvarur","2019-11-30",2019,11,67.56832878,"IMD GRID MODEL"
"Tamil Nadu","Thiruvarur","2019-10-11",2019,10,0.0,"IMD GRID MODEL"
"Tamil Nadu","Thiruvarur","2019-10-03",2019,10,0.0,"IMD GRID MODEL"
"Tamil Nadu","Thiruvarur","2019-10-14",2019,10,0.688838929,"IMD GRID MODEL"
"Tamil Nadu","Thiruvarur","2019-10-26",2019,10,0.442341947,"IMD GRID MODEL"
"Tamil Nadu","Thiruvarur","2019-10-02",2019,10,0.0,"IMD GRID MODEL"
"Tamil Nadu","Thiruvarur","2019-10-04",2019,10,0.0,"IMD GRID MODEL"
"Tamil Nadu","Thiruvarur","2019-10-05",2019,10,0.0,"IMD GRID MODEL"
"Tamil Nadu","Thiruvarur","2019-10-06",2019,10,0.068699037,"IMD GRID MODEL"
"Tamil Nadu","Thiruvarur","2019-10-07",2019,10,0.116381178,"IMD GRID MODEL"
"Tamil Nadu","Thiruvarur","2019-10-08",2019,10,13.499735,"IMD GRID MODEL"
"Tamil Nadu","Thiruvarur","2019-10-09",2019,10,0.0,"IMD GRID MODEL"
"Tamil Nadu","Thiruvarur","2019-10-10",2019,10,0.0,"IMD GRID MODEL"
"Tamil Nadu","Thiruvarur","2019-10-01",2019,10,7.706290923,"IMD GRID MODEL"
"Tamil Nadu","Thiruvarur","2019-10-12",2019,10,6.384851615,"IMD GRID MODEL"
"Tamil Nadu","Thiruvarur","2019-10-13",2019,10,0.232762356,"IMD GRID MODEL"
"Tamil Nadu","Thiruvarur","2019-10-15",2019,10,4.344531037,"IMD GRID MODEL"
"Tamil Nadu","Thiruvarur","2019-10-16",2019,10,13.74943258,"IMD GRID MODEL"
"Tamil Nadu","Thiruvarur","2019-10-17",2019,10,46.03667139,"IMD GRID MODEL"
"Tamil Nadu","Thiruvarur","2019-10-18",2019,10,8.621003637,"IMD GRID MODEL"
"Tamil Nadu","Thiruvarur","2019-10-19",2019,10,3.397052785,"IMD GRID MODEL"
"Tamil Nadu","Thiruvarur","2019-10-20",2019,10,5.92883141,"IMD GRID MODEL"
"Tamil Nadu","Thiruvarur","2019-10-21",2019,10,18.37281229,"IMD GRID MODEL"
"Tamil Nadu","Thiruvarur","2019-10-22",2019,10,21.21496734,"IMD GRID MODEL"
"Tamil Nadu","Thiruvarur","2019-10-23",2019,10,0.391076936,"IMD GRID MODEL"
"Tamil Nadu","Thiruvarur","2019-10-24",2019,10,9.814449772,"IMD GRID MODEL"
"Tamil Nadu","Thiruvarur","2019-10-25",2019,10,0.603760053,"IMD GRID MODEL"
"Tamil Nadu","Thiruvarur","2019-10-27",2019,10,0.860408523,"IMD GRID MODEL"
"Tamil Nadu","Thiruvarur","2019-10-28",2019,10,10.58448466,"IMD GRID MODEL"
"Tamil Nadu","Thiruvarur","2019-10-29",2019,10,30.96123033,"IMD GRID MODEL"
"Tamil Nadu","Thiruvarur","2019-10-30",2019,10,32.06887264,"IMD GRID MODEL"
"Tamil Nadu","Thiruvarur","2019-10-31",2019,10,45.60286926,"IMD GRID MODEL"
"Tamil Nadu","Thiruvarur","2019-09-21",2019,9,4.435026405,"IMD GRID MODEL"
"Tamil Nadu","Thiruvarur","2019-09-01",2019,9,2.680219863,"IMD GRID MODEL"
"Tamil Nadu","Thiruvarur","2019-09-02",2019,9,0.0,"IMD GRID MODEL"
"Tamil Nadu","Thiruvarur","2019-09-03",2019,9,3.60494039,"IMD GRID MODEL"
"Tamil Nadu","Thiruvarur","2019-09-04",2019,9,5.100606838,"IMD GRID MODEL"
"Tamil Nadu","Thiruvarur","2019-09-05",2019,9,4.390999984,"IMD GRID MODEL"
"Tamil Nadu","Thiruvarur","2019-09-06",2019,9,0.0,"IMD GRID MODEL"
"Tamil Nadu","Thiruvarur","2019-09-07",2019,9,0.0,"IMD GRID MODEL"
"Tamil Nadu","Thiruvarur","2019-09-08",2019,9,0.01012692,"IMD GRID MODEL"
"Tamil Nadu","Thiruvarur","2019-09-09",2019,9,0.0,"IMD GRID MODEL"
"Tamil Nadu","Thiruvarur","2019-09-10",2019,9,0.0,"IMD GRID MODEL"
"Tamil Nadu","Thiruvarur","2019-09-11",2019,9,0.193919262,"IMD GRID MODEL"
"Tamil Nadu","Thiruvarur","2019-09-12",2019,9,25.75249929,"IMD GRID MODEL"
"Tamil Nadu","Thiruvarur","2019-09-13",2019,9,6.488240927,"IMD GRID MODEL"
"Tamil Nadu","Thiruvarur","2019-09-14",2019,9,13.77402375,"IMD GRID MODEL"
"Tamil Nadu","Thiruvarur","2019-09-15",2019,9,0.0,"IMD GRID MODEL"
"Tamil Nadu","Thiruvarur","2019-09-16",2019,9,4.089773972,"IMD GRID MODEL"
"Tamil Nadu","Thiruvarur","2019-09-17",2019,9,20.85417374,"IMD GRID MODEL"
"Tamil Nadu","Thiruvarur","2019-09-18",2019,9,30.36701395,"IMD GRID MODEL"
"Tamil Nadu","Thiruvarur","2019-09-19",2019,9,3.389096445,"IMD GRID MODEL"
"Tamil Nadu","Thiruvarur","2019-09-20",2019,9,7.192001606,"IMD GRID MODEL"
"Tamil Nadu","Thiruvarur","2019-09-22",2019,9,0.0,"IMD GRID MODEL"
"Tamil Nadu","Thiruvarur","2019-09-23",2019,9,2.699332449,"IMD GRID MODEL"
"Tamil Nadu","Thiruvarur","2019-09-24",2019,9,4.042460176,"IMD GRID MODEL"
"Tamil Nadu","Thiruvarur","2019-09-25",2019,9,6.471779266,"IMD GRID MODEL"
"Tamil Nadu","Thiruvarur","2019-09-26",2019,9,13.75090975,"IMD GRID MODEL"
"Tamil Nadu","Thiruvarur","2019-09-27",2019,9,0.0,"IMD GRID MODEL"
"Tamil Nadu","Thiruvarur","2019-09-28",2019,9,9.996805013,"IMD GRID MODEL"
"Tamil Nadu","Thiruvarur","2019-09-29",2019,9,0.0,"IMD GRID MODEL"
"Tamil Nadu","Thiruvarur","2019-09-30",2019,9,18.34041401,"IMD GRID MODEL"
"Tamil Nadu","Thiruvarur","2020-04-01",2020,4,0.0,"IMD GRID MODEL"
"Tamil Nadu","Thiruvarur","2020-04-02",2020,4,0.0,"IMD GRID MODEL"
"Tamil Nadu","Thiruvarur","2020-04-03",2020,4,0.0,"IMD GRID MODEL"
"Tamil Nadu","Thiruvarur","2020-04-04",2020,4,0.0,"IMD GRID MODEL"
"Tamil Nadu","Thiruvarur","2020-04-05",2020,4,0.0,"IMD GRID MODEL"
"Tamil Nadu","Thiruvarur","2020-04-06",2020,4,0.0,"IMD GRID MODEL"
"Tamil Nadu","Thiruvarur","2020-04-07",2020,4,0.0,"IMD GRID MODEL"
"Tamil Nadu","Thiruvarur","2020-04-08",2020,4,0.0,"IMD GRID MODEL"
"Tamil Nadu","Thiruvarur","2020-04-09",2020,4,0.0,"IMD GRID MODEL"
"Tamil Nadu","Thiruvarur","2020-04-10",2020,4,0.000673858,"IMD GRID MODEL"
"Tamil Nadu","Thiruvarur","2020-04-11",2020,4,0.0,"IMD GRID MODEL"
"Tamil Nadu","Thiruvarur","2020-04-12",2020,4,0.0,"IMD GRID MODEL"
"Tamil Nadu","Thiruvarur","2020-04-13",2020,4,0.0,"IMD GRID MODEL"
"Tamil Nadu","Thiruvarur","2020-04-14",2020,4,0.0,"IMD GRID MODEL"
"Tamil Nadu","Thiruvarur","2020-04-15",2020,4,0.0,"IMD GRID MODEL"
"Tamil Nadu","Thiruvarur","2020-04-16",2020,4,0.0,"IMD GRID MODEL"
"Tamil Nadu","Thiruvarur","2020-04-17",2020,4,0.0,"IMD GRID MODEL"
"Tamil Nadu","Thiruvarur","2020-04-18",2020,4,0.0,"IMD GRID MODEL"
"Tamil Nadu","Thiruvarur","2020-04-19",2020,4,0.0,"IMD GRID MODEL"
"Tamil Nadu","Thiruvarur","2020-04-20",2020,4,0.617104709,"IMD GRID MODEL"
"Tamil Nadu","Thiruvarur","2020-04-21",2020,4,0.0,"IMD GRID MODEL"
"Tamil Nadu","Thiruvarur","2020-04-22",2020,4,0.0,"IMD GRID MODEL"
"Tamil Nadu","Thiruvarur","2020-04-23",2020,4,0.0,"IMD GRID MODEL"
"Tamil Nadu","Thiruvarur","2020-04-24",2020,4,0.0,"IMD GRID MODEL"
"Tamil Nadu","Thiruvarur","2020-04-25",2020,4,0.0,"IMD GRID MODEL"
"Tamil Nadu","Thiruvarur","2020-04-26",2020,4,0.0,"IMD GRID MODEL"
"Tamil Nadu","Thiruvarur","2020-04-27",2020,4,0.0,"IMD GRID MODEL"
"Tamil Nadu","Thiruvarur","2020-04-28",2020,4,0.0,"IMD GRID MODEL"
"Tamil Nadu","Thiruvarur","2020-04-29",2020,4,0.0,"IMD GRID MODEL"
"Tamil Nadu","Thiruvarur","2020-04-30",2020,4,0.0,"IMD GRID MODEL"
"Tamil Nadu","Thiruvarur","2020-08-08",2020,8,0.0,"IMD GRID MODEL"
"Tamil Nadu","Thiruvarur","2020-08-24",2020,8,0.0,"IMD GRID MODEL"
"Tamil Nadu","Thiruvarur","2020-08-01",2020,8,0.0,"IMD GRID MODEL"
"Tamil Nadu","Thiruvarur","2020-08-02",2020,8,0.0,"IMD GRID MODEL"
"Tamil Nadu","Thiruvarur","2020-08-03",2020,8,0.335159057,"IMD GRID MODEL"
"Tamil Nadu","Thiruvarur","2020-08-04",2020,8,1.139711915,"IMD GRID MODEL"
"Tamil Nadu","Thiruvarur","2020-08-05",2020,8,0.0,"IMD GRID MODEL"
"Tamil Nadu","Thiruvarur","2020-08-06",2020,8,0.0,"IMD GRID MODEL"
"Tamil Nadu","Thiruvarur","2020-08-07",2020,8,0.0,"IMD GRID MODEL"
"Tamil Nadu","Thiruvarur","2020-08-09",2020,8,0.0,"IMD GRID MODEL"
"Tamil Nadu","Thiruvarur","2020-08-10",2020,8,0.0,"IMD GRID MODEL"
"Tamil Nadu","Thiruvarur","2020-08-11",2020,8,0.0,"IMD GRID MODEL"
"Tamil Nadu","Thiruvarur","2020-08-12",2020,8,0.0,"IMD GRID MODEL"
"Tamil Nadu","Thiruvarur","2020-08-13",2020,8,0.0,"IMD GRID MODEL"
"Tamil Nadu","Thiruvarur","2020-08-14",2020,8,3.466604583,"IMD GRID MODEL"
"Tamil Nadu","Thiruvarur","2020-08-15",2020,8,16.82743146,"IMD GRID MODEL"
"Tamil Nadu","Thiruvarur","2020-08-16",2020,8,0.0,"IMD GRID MODEL"
"Tamil Nadu","Thiruvarur","2020-08-17",2020,8,0.0,"IMD GRID MODEL"
"Tamil Nadu","Thiruvarur","2020-08-18",2020,8,1.352681336,"IMD GRID MODEL"
"Tamil Nadu","Thiruvarur","2020-08-19",2020,8,0.053504583,"IMD GRID MODEL"
"Tamil Nadu","Thiruvarur","2020-08-20",2020,8,0.0,"IMD GRID MODEL"
"Tamil Nadu","Thiruvarur","2020-08-21",2020,8,0.0,"IMD GRID MODEL"
"Tamil Nadu","Thiruvarur","2020-08-22",2020,8,0.0,"IMD GRID MODEL"
"Tamil Nadu","Thiruvarur","2020-08-23",2020,8,0.0,"IMD GRID MODEL"
"Tamil Nadu","Thiruvarur","2020-08-25",2020,8,0.0,"IMD GRID MODEL"
"Tamil Nadu","Thiruvarur","2020-08-26",2020,8,0.0,"IMD GRID MODEL"
"Tamil Nadu","Thiruvarur","2020-08-27",2020,8,0.0,"IMD GRID MODEL"
"Tamil Nadu","Thiruvarur","2020-08-28",2020,8,0.0,"IMD GRID MODEL"
"Tamil Nadu","Thiruvarur","2020-08-29",2020,8,0.0,"IMD GRID MODEL"
"Tamil Nadu","Thiruvarur","2020-08-30",2020,8,0.0,"IMD GRID MODEL"
"Tamil Nadu","Thiruvarur","2020-08-31",2020,8,0.0,"IMD GRID MODEL"
"Tamil Nadu","Thiruvarur","2020-12-16",2020,12,0.0,"IMD GRID MODEL"
"Tamil Nadu","Thiruvarur","2020-12-06",2020,12,0.0,"IMD GRID MODEL"
"Tamil Nadu","Thiruvarur","2020-12-20",2020,12,0.01012692,"IMD GRID MODEL"
"Tamil Nadu","Thiruvarur","2020-12-01",2020,12,0.0,"IMD GRID MODEL"
"Tamil Nadu","Thiruvarur","2020-12-02",2020,12,0.0,"IMD GRID MODEL"
"Tamil Nadu","Thiruvarur","2020-12-03",2020,12,0.0,"IMD GRID MODEL"
"Tamil Nadu","Thiruvarur","2020-12-04",2020,12,0.0,"IMD GRID MODEL"
"Tamil Nadu","Thiruvarur","2020-12-05",2020,12,0.0,"IMD GRID MODEL"
"Tamil Nadu","Thiruvarur","2020-12-07",2020,12,0.0,"IMD GRID MODEL"
"Tamil Nadu","Thiruvarur","2020-12-08",2020,12,0.0,"IMD GRID MODEL"
"Tamil Nadu","Thiruvarur","2020-12-09",2020,12,0.0,"IMD GRID MODEL"
"Tamil Nadu","Thiruvarur","2020-12-10",2020,12,0.019774571,"IMD GRID MODEL"
"Tamil Nadu","Thiruvarur","2020-12-11",2020,12,0.0,"IMD GRID MODEL"
"Tamil Nadu","Thiruvarur","2020-12-12",2020,12,0.0,"IMD GRID MODEL"
"Tamil Nadu","Thiruvarur","2020-12-13",2020,12,0.0,"IMD GRID MODEL"
"Tamil Nadu","Thiruvarur","2020-12-14",2020,12,0.0,"IMD GRID MODEL"
"Tamil Nadu","Thiruvarur","2020-12-15",2020,12,0.0,"IMD GRID MODEL"
"Tamil Nadu","Thiruvarur","2020-12-17",2020,12,0.0,"IMD GRID MODEL"
"Tamil Nadu","Thiruvarur","2020-12-18",2020,12,0.0,"IMD GRID MODEL"
"Tamil Nadu","Thiruvarur","2020-12-19",2020,12,0.0,"IMD GRID MODEL"
"Tamil Nadu","Thiruvarur","2020-12-21",2020,12,0.0,"IMD GRID MODEL"
"Tamil Nadu","Thiruvarur","2020-12-22",2020,12,0.0,"IMD GRID MODEL"
"Tamil Nadu","Thiruvarur","2020-12-23",2020,12,0.0,"IMD GRID MODEL"
"Tamil Nadu","Thiruvarur","2020-12-24",2020,12,0.0,"IMD GRID MODEL"
"Tamil Nadu","Thiruvarur","2020-12-25",2020,12,0.0,"IMD GRID MODEL"
"Tamil Nadu","Thiruvarur","2020-12-26",2020,12,0.0,"IMD GRID MODEL"
"Tamil Nadu","Thiruvarur","2020-12-27",2020,12,0.0,"IMD GRID MODEL"
"Tamil Nadu","Thiruvarur","2020-12-28",2020,12,0.0,"IMD GRID MODEL"
"Tamil Nadu","Thiruvarur","2020-12-29",2020,12,0.0,"IMD GRID MODEL"
"Tamil Nadu","Thiruvarur","2020-12-30",2020,12,0.0,"IMD GRID MODEL"
"Tamil Nadu","Thiruvarur","2020-12-31",2020,12,0.0,"IMD GRID MODEL"
"Tamil Nadu","Thiruvarur","2020-02-08",2020,2,0.0,"IMD GRID MODEL"
"Tamil Nadu","Thiruvarur","2020-02-07",2020,2,0.0,"IMD GRID MODEL"
"Tamil Nadu","Thiruvarur","2020-02-01",2020,2,0.0,"IMD GRID MODEL"
"Tamil Nadu","Thiruvarur","2020-02-02",2020,2,0.0,"IMD GRID MODEL"
"Tamil Nadu","Thiruvarur","2020-02-03",2020,2,0.0,"IMD GRID MODEL"
"Tamil Nadu","Thiruvarur","2020-02-04",2020,2,0.0,"IMD GRID MODEL"
"Tamil Nadu","Thiruvarur","2020-02-05",2020,2,0.0,"IMD GRID MODEL"
"Tamil Nadu","Thiruvarur","2020-02-06",2020,2,0.0,"IMD GRID MODEL"
"Tamil Nadu","Thiruvarur","2020-02-09",2020,2,0.0,"IMD GRID MODEL"
"Tamil Nadu","Thiruvarur","2020-02-10",2020,2,0.0,"IMD GRID MODEL"
"Tamil Nadu","Thiruvarur","2020-02-11",2020,2,0.0,"IMD GRID MODEL"
"Tamil Nadu","Thiruvarur","2020-02-12",2020,2,0.019774571,"IMD GRID MODEL"
"Tamil Nadu","Thiruvarur","2020-02-13",2020,2,0.0,"IMD GRID MODEL"
"Tamil Nadu","Thiruvarur","2020-02-14",2020,2,0.0,"IMD GRID MODEL"
"Tamil Nadu","Thiruvarur","2020-02-15",2020,2,0.0,"IMD GRID MODEL"
"Tamil Nadu","Thiruvarur","2020-02-16",2020,2,0.0,"IMD GRID MODEL"
"Tamil Nadu","Thiruvarur","2020-02-17",2020,2,0.0,"IMD GRID MODEL"
"Tamil Nadu","Thiruvarur","2020-02-18",2020,2,0.0,"IMD GRID MODEL"
"Tamil Nadu","Thiruvarur","2020-02-19",2020,2,0.0,"IMD GRID MODEL"
"Tamil Nadu","Thiruvarur","2020-02-20",2020,2,0.0,"IMD GRID MODEL"
"Tamil Nadu","Thiruvarur","2020-02-22",2020,2,0.01012692,"IMD GRID MODEL"
"Tamil Nadu","Thiruvarur","2020-02-23",2020,2,0.0,"IMD GRID MODEL"
"Tamil Nadu","Thiruvarur","2020-02-24",2020,2,0.0,"IMD GRID MODEL"
"Tamil Nadu","Thiruvarur","2020-02-25",2020,2,0.0,"IMD GRID MODEL"
"Tamil Nadu","Thiruvarur","2020-02-26",2020,2,0.0,"IMD GRID MODEL"
"Tamil Nadu","Thiruvarur","2020-02-21",2020,2,0.0,"IMD GRID MODEL"
"Tamil Nadu","Thiruvarur","2020-02-27",2020,2,0.0,"IMD GRID MODEL"
"Tamil Nadu","Thiruvarur","2020-02-28",2020,2,0.0,"IMD GRID MODEL"
"Tamil Nadu","Thiruvarur","2020-02-29",2020,2,0.0,"IMD GRID MODEL"
"Tamil Nadu","Thiruvarur","2020-01-27",2020,1,0.0,"IMD GRID MODEL"
"Tamil Nadu","Thiruvarur","2020-01-01",2020,1,1.81367909,"IMD GRID MODEL"
"Tamil Nadu","Thiruvarur","2020-01-02",2020,1,0.304448585,"IMD GRID MODEL"
"Tamil Nadu","Thiruvarur","2020-01-03",2020,1,0.064539206,"IMD GRID MODEL"
"Tamil Nadu","Thiruvarur","2020-01-04",2020,1,0.0,"IMD GRID MODEL"
"Tamil Nadu","Thiruvarur","2020-01-05",2020,1,0.0,"IMD GRID MODEL"
"Tamil Nadu","Thiruvarur","2020-01-06",2020,1,0.0,"IMD GRID MODEL"
"Tamil Nadu","Thiruvarur","2020-01-07",2020,1,0.335159057,"IMD GRID MODEL"
"Tamil Nadu","Thiruvarur","2020-01-08",2020,1,1.139711915,"IMD GRID MODEL"
"Tamil Nadu","Thiruvarur","2020-01-09",2020,1,0.0,"IMD GRID MODEL"
"Tamil Nadu","Thiruvarur","2020-01-10",2020,1,0.0,"IMD GRID MODEL"
"Tamil Nadu","Thiruvarur","2020-01-11",2020,1,0.0,"IMD GRID MODEL"
"Tamil Nadu","Thiruvarur","2020-01-12",2020,1,0.0,"IMD GRID MODEL"
"Tamil Nadu","Thiruvarur","2020-01-13",2020,1,0.0,"IMD GRID MODEL"
"Tamil Nadu","Thiruvarur","2020-01-14",2020,1,0.0,"IMD GRID MODEL"
"Tamil Nadu","Thiruvarur","2020-01-15",2020,1,0.0,"IMD GRID MODEL"
"Tamil Nadu","Thiruvarur","2020-01-16",2020,1,0.0,"IMD GRID MODEL"
"Tamil Nadu","Thiruvarur","2020-01-17",2020,1,0.0,"IMD GRID MODEL"
"Tamil Nadu","Thiruvarur","2020-01-18",2020,1,3.466604583,"IMD GRID MODEL"
"Tamil Nadu","Thiruvarur","2020-01-19",2020,1,16.82743146,"IMD GRID MODEL"
"Tamil Nadu","Thiruvarur","2020-01-20",2020,1,0.0,"IMD GRID MODEL"
"Tamil Nadu","Thiruvarur","2020-01-21",2020,1,0.0,"IMD GRID MODEL"
"Tamil Nadu","Thiruvarur","2020-01-22",2020,1,1.352681336,"IMD GRID MODEL"
"Tamil Nadu","Thiruvarur","2020-01-23",2020,1,0.053504583,"IMD GRID MODEL"
"Tamil Nadu","Thiruvarur","2020-01-24",2020,1,0.0,"IMD GRID MODEL"
"Tamil Nadu","Thiruvarur","2020-01-25",2020,1,0.0,"IMD GRID MODEL"
"Tamil Nadu","Thiruvarur","2020-01-26",2020,1,0.0,"IMD GRID MODEL"
"Tamil Nadu","Thiruvarur","2020-01-28",2020,1,0.0,"IMD GRID MODEL"
"Tamil Nadu","Thiruvarur","2020-01-29",2020,1,0.0,"IMD GRID MODEL"
"Tamil Nadu","Thiruvarur","2020-01-30",2020,1,0.0,"IMD GRID MODEL"
"Tamil Nadu","Thiruvarur","2020-01-31",2020,1,0.0,"IMD GRID MODEL"
"Tamil Nadu","Thiruvarur","2020-07-02",2020,7,14.46645688,"NRSC VIC MODEL"
"Tamil Nadu","Thiruvarur","2020-07-03",2020,7,7.740810916,"NRSC VIC MODEL"
"Tamil Nadu","Thiruvarur","2020-07-04",2020,7,2.238072063,"NRSC VIC MODEL"
"Tamil Nadu","Thiruvarur","2020-07-05",2020,7,5.508902487,"NRSC VIC MODEL"
"Tamil Nadu","Thiruvarur","2020-07-06",2020,7,0.848931623,"NRSC VIC MODEL"
"Tamil Nadu","Thiruvarur","2020-07-07",2020,7,3.556363714,"NRSC VIC MODEL"
"Tamil Nadu","Thiruvarur","2020-07-08",2020,7,15.29642246,"NRSC VIC MODEL"
"Tamil Nadu","Thiruvarur","2020-07-09",2020,7,6.630564991,"NRSC VIC MODEL"
"Tamil Nadu","Thiruvarur","2020-07-01",2020,7,0.15744322,"NRSC VIC MODEL"
"Tamil Nadu","Thiruvarur","2020-07-10",2020,7,4.697454202,"NRSC VIC MODEL"
"Tamil Nadu","Thiruvarur","2020-07-11",2020,7,3.748676997,"NRSC VIC MODEL"
"Tamil Nadu","Thiruvarur","2020-07-12",2020,7,2.133171509,"NRSC VIC MODEL"
"Tamil Nadu","Thiruvarur","2020-07-13",2020,7,12.41490402,"NRSC VIC MODEL"
"Tamil Nadu","Thiruvarur","2020-07-14",2020,7,12.52099243,"NRSC VIC MODEL"
"Tamil Nadu","Thiruvarur","2020-07-15",2020,7,17.08581633,"NRSC VIC MODEL"
"Tamil Nadu","Thiruvarur","2020-07-16",2020,7,22.27072551,"NRSC VIC MODEL"
"Tamil Nadu","Thiruvarur","2020-07-17",2020,7,7.138530218,"NRSC VIC MODEL"
"Tamil Nadu","Thiruvarur","2020-07-18",2020,7,23.1866256,"NRSC VIC MODEL"
"Tamil Nadu","Thiruvarur","2020-07-19",2020,7,10.69971133,"NRSC VIC MODEL"
"Tamil Nadu","Thiruvarur","2020-07-20",2020,7,4.821584765,"NRSC VIC MODEL"
"Tamil Nadu","Thiruvarur","2020-07-21",2020,7,0.170615181,"NRSC VIC MODEL"
"Tamil Nadu","Thiruvarur","2020-07-22",2020,7,0.0,"NRSC VIC MODEL"
"Tamil Nadu","Thiruvarur","2020-07-23",2020,7,3.330632187,"NRSC VIC MODEL"
"Tamil Nadu","Thiruvarur","2020-07-24",2020,7,7.637731735,"NRSC VIC MODEL"
"Tamil Nadu","Thiruvarur","2020-07-25",2020,7,4.620652954,"NRSC VIC MODEL"
"Tamil Nadu","Thiruvarur","2020-07-26",2020,7,0.143598141,"NRSC VIC MODEL"
"Tamil Nadu","Thiruvarur","2020-07-27",2020,7,19.3173816,"NRSC VIC MODEL"
"Tamil Nadu","Thiruvarur","2020-07-28",2020,7,112.7567582,"NRSC VIC MODEL"
"Tamil Nadu","Thiruvarur","2020-07-29",2020,7,36.25566667,"NRSC VIC MODEL"
"Tamil Nadu","Thiruvarur","2020-07-30",2020,7,0.02452255,"NRSC VIC MODEL"
"Tamil Nadu","Thiruvarur","2020-07-31",2020,7,7.277838893,"NRSC VIC MODEL"
"Tamil Nadu","Thiruvarur","2020-06-10",2020,6,2.684079593,"IMD GRID MODEL"
"Tamil Nadu","Thiruvarur","2020-06-04",2020,6,0.0,"IMD GRID MODEL"
"Tamil Nadu","Thiruvarur","2020-06-01",2020,6,0.0,"IMD GRID MODEL"
"Tamil Nadu","Thiruvarur","2020-06-02",2020,6,0.0,"IMD GRID MODEL"
"Tamil Nadu","Thiruvarur","2020-06-03",2020,6,0.0,"IMD GRID MODEL"
"Tamil Nadu","Thiruvarur","2020-06-05",2020,6,0.0,"IMD GRID MODEL"
"Tamil Nadu","Thiruvarur","2020-06-06",2020,6,4.488433582,"IMD GRID MODEL"
"Tamil Nadu","Thiruvarur","2020-06-07",2020,6,0.172187035,"IMD GRID MODEL"
"Tamil Nadu","Thiruvarur","2020-06-08",2020,6,0.032669433,"IMD GRID MODEL"
"Tamil Nadu","Thiruvarur","2020-06-09",2020,6,0.0,"IMD GRID MODEL"
"Tamil Nadu","Thiruvarur","2020-06-11",2020,6,0.00759519,"IMD GRID MODEL"
"Tamil Nadu","Thiruvarur","2020-06-12",2020,6,0.0,"IMD GRID MODEL"
"Tamil Nadu","Thiruvarur","2020-06-13",2020,6,0.0,"IMD GRID MODEL"
"Tamil Nadu","Thiruvarur","2020-06-14",2020,6,0.0,"IMD GRID MODEL"
"Tamil Nadu","Thiruvarur","2020-06-15",2020,6,0.0,"IMD GRID MODEL"
"Tamil Nadu","Thiruvarur","2020-06-16",2020,6,0.0,"IMD GRID MODEL"
"Tamil Nadu","Thiruvarur","2020-06-17",2020,6,0.0,"IMD GRID MODEL"
"Tamil Nadu","Thiruvarur","2020-06-18",2020,6,0.0,"IMD GRID MODEL"
"Tamil Nadu","Thiruvarur","2020-06-19",2020,6,0.0,"IMD GRID MODEL"
"Tamil Nadu","Thiruvarur","2020-06-20",2020,6,0.0,"IMD GRID MODEL"
"Tamil Nadu","Thiruvarur","2020-06-21",2020,6,0.022645422,"IMD GRID MODEL"
"Tamil Nadu","Thiruvarur","2020-06-22",2020,6,0.0,"IMD GRID MODEL"
"Tamil Nadu","Thiruvarur","2020-06-23",2020,6,0.0,"IMD GRID MODEL"
"Tamil Nadu","Thiruvarur","2020-06-24",2020,6,0.621121292,"IMD GRID MODEL"
"Tamil Nadu","Thiruvarur","2020-06-25",2020,6,3.675347123,"IMD GRID MODEL"
"Tamil Nadu","Thiruvarur","2020-06-26",2020,6,0.867252947,"IMD GRID MODEL"
"Tamil Nadu","Thiruvarur","2020-06-27",2020,6,0.0,"IMD GRID MODEL"
"Tamil Nadu","Thiruvarur","2020-06-28",2020,6,0.0,"IMD GRID MODEL"
"Tamil Nadu","Thiruvarur","2020-06-29",2020,6,4.65565395,"IMD GRID MODEL"
"Tamil Nadu","Thiruvarur","2020-06-30",2020,6,4.772480639,"IMD GRID MODEL"
"Tamil Nadu","Thiruvarur","2020-03-02",2020,3,0.0,"IMD GRID MODEL"
"Tamil Nadu","Thiruvarur","2020-03-06",2020,3,0.0,"IMD GRID MODEL"
"Tamil Nadu","Thiruvarur","2020-03-27",2020,3,0.0,"IMD GRID MODEL"
"Tamil Nadu","Thiruvarur","2020-03-01",2020,3,0.0,"IMD GRID MODEL"
"Tamil Nadu","Thiruvarur","2020-03-03",2020,3,0.0,"IMD GRID MODEL"
"Tamil Nadu","Thiruvarur","2020-03-04",2020,3,0.0,"IMD GRID MODEL"
"Tamil Nadu","Thiruvarur","2020-03-05",2020,3,0.0,"IMD GRID MODEL"
"Tamil Nadu","Thiruvarur","2020-03-07",2020,3,0.0,"IMD GRID MODEL"
"Tamil Nadu","Thiruvarur","2020-03-08",2020,3,0.0,"IMD GRID MODEL"
"Tamil Nadu","Thiruvarur","2020-03-09",2020,3,0.0,"IMD GRID MODEL"
"Tamil Nadu","Thiruvarur","2020-03-10",2020,3,0.0,"IMD GRID MODEL"
"Tamil Nadu","Thiruvarur","2020-03-11",2020,3,0.0,"IMD GRID MODEL"
"Tamil Nadu","Thiruvarur","2020-03-12",2020,3,0.0,"IMD GRID MODEL"
"Tamil Nadu","Thiruvarur","2020-03-13",2020,3,0.0,"IMD GRID MODEL"
"Tamil Nadu","Thiruvarur","2020-03-14",2020,3,0.0,"IMD GRID MODEL"
"Tamil Nadu","Thiruvarur","2020-03-15",2020,3,0.0,"IMD GRID MODEL"
"Tamil Nadu","Thiruvarur","2020-03-16",2020,3,0.0,"IMD GRID MODEL"
"Tamil Nadu","Thiruvarur","2020-03-17",2020,3,0.0,"IMD GRID MODEL"
"Tamil Nadu","Thiruvarur","2020-03-18",2020,3,0.0,"IMD GRID MODEL"
"Tamil Nadu","Thiruvarur","2020-03-19",2020,3,0.0,"IMD GRID MODEL"
"Tamil Nadu","Thiruvarur","2020-03-20",2020,3,0.0,"IMD GRID MODEL"
"Tamil Nadu","Thiruvarur","2020-03-21",2020,3,0.0,"IMD GRID MODEL"
"Tamil Nadu","Thiruvarur","2020-03-22",2020,3,0.0,"IMD GRID MODEL"
"Tamil Nadu","Thiruvarur","2020-03-23",2020,3,0.0,"IMD GRID MODEL"
"Tamil Nadu","Thiruvarur","2020-03-24",2020,3,0.0,"IMD GRID MODEL"
"Tamil Nadu","Thiruvarur","2020-03-25",2020,3,0.0,"IMD GRID MODEL"
"Tamil Nadu","Thiruvarur","2020-03-26",2020,3,0.0,"IMD GRID MODEL"
"Tamil Nadu","Thiruvarur","2020-03-28",2020,3,0.0,"IMD GRID MODEL"
"Tamil Nadu","Thiruvarur","2020-03-29",2020,3,0.0,"IMD GRID MODEL"
"Tamil Nadu","Thiruvarur","2020-03-30",2020,3,0.0,"IMD GRID MODEL"
"Tamil Nadu","Thiruvarur","2020-03-31",2020,3,0.0,"IMD GRID MODEL"
"Tamil Nadu","Thiruvarur","2020-05-22",2020,5,0.0,"IMD GRID MODEL"
"Tamil Nadu","Thiruvarur","2020-05-24",2020,5,0.0,"IMD GRID MODEL"
"Tamil Nadu","Thiruvarur","2020-05-31",2020,5,0.0,"IMD GRID MODEL"
"Tamil Nadu","Thiruvarur","2020-05-05",2020,5,0.0,"IMD GRID MODEL"
"Tamil Nadu","Thiruvarur","2020-05-09",2020,5,0.017783369,"IMD GRID MODEL"
"Tamil Nadu","Thiruvarur","2020-05-20",2020,5,0.0,"IMD GRID MODEL"
"Tamil Nadu","Thiruvarur","2020-05-01",2020,5,12.24932639,"IMD GRID MODEL"
"Tamil Nadu","Thiruvarur","2020-05-02",2020,5,0.0,"IMD GRID MODEL"
"Tamil Nadu","Thiruvarur","2020-05-03",2020,5,0.0,"IMD GRID MODEL"
"Tamil Nadu","Thiruvarur","2020-05-04",2020,5,0.0,"IMD GRID MODEL"
"Tamil Nadu","Thiruvarur","2020-05-06",2020,5,0.0,"IMD GRID MODEL"
"Tamil Nadu","Thiruvarur","2020-05-07",2020,5,0.0,"IMD GRID MODEL"
"Tamil Nadu","Thiruvarur","2020-05-08",2020,5,0.174571762,"IMD GRID MODEL"
"Tamil Nadu","Thiruvarur","2020-05-10",2020,5,0.0,"IMD GRID MODEL"
"Tamil Nadu","Thiruvarur","2020-05-11",2020,5,0.0,"IMD GRID MODEL"
"Tamil Nadu","Thiruvarur","2020-05-12",2020,5,3.721031818,"IMD GRID MODEL"
"Tamil Nadu","Thiruvarur","2020-05-13",2020,5,19.49990799,"IMD GRID MODEL"
"Tamil Nadu","Thiruvarur","2020-05-14",2020,5,1.102991684,"IMD GRID MODEL"
"Tamil Nadu","Thiruvarur","2020-05-15",2020,5,0.088674179,"IMD GRID MODEL"
"Tamil Nadu","Thiruvarur","2020-05-16",2020,5,0.0,"IMD GRID MODEL"
"Tamil Nadu","Thiruvarur","2020-05-17",2020,5,0.0,"IMD GRID MODEL"
"Tamil Nadu","Thiruvarur","2020-05-18",2020,5,3.254236765,"IMD GRID MODEL"
"Tamil Nadu","Thiruvarur","2020-05-19",2020,5,0.0,"IMD GRID MODEL"
"Tamil Nadu","Thiruvarur","2020-05-21",2020,5,0.0,"IMD GRID MODEL"
"Tamil Nadu","Thiruvarur","2020-05-23",2020,5,0.0,"IMD GRID MODEL"
"Tamil Nadu","Thiruvarur","2020-05-25",2020,5,0.0,"IMD GRID MODEL"
"Tamil Nadu","Thiruvarur","2020-05-26",2020,5,0.0,"IMD GRID MODEL"
"Tamil Nadu","Thiruvarur","2020-05-27",2020,5,0.0,"IMD GRID MODEL"
"Tamil Nadu","Thiruvarur","2020-05-28",2020,5,8.228410221,"IMD GRID MODEL"
"Tamil Nadu","Thiruvarur","2020-05-29",2020,5,0.0,"IMD GRID MODEL"
"Tamil Nadu","Thiruvarur","2020-05-30",2020,5,0.0,"IMD GRID MODEL"
"Tamil Nadu","Thiruvarur","2020-11-13",2020,11,0.0,"IMD GRID MODEL"
"Tamil Nadu","Thiruvarur","2020-11-01",2020,11,0.0,"IMD GRID MODEL"
"Tamil Nadu","Thiruvarur","2020-11-02",2020,11,0.0,"IMD GRID MODEL"
"Tamil Nadu","Thiruvarur","2020-11-03",2020,11,0.0,"IMD GRID MODEL"
"Tamil Nadu","Thiruvarur","2020-11-04",2020,11,0.335159057,"IMD GRID MODEL"
"Tamil Nadu","Thiruvarur","2020-11-05",2020,11,1.139711915,"IMD GRID MODEL"
"Tamil Nadu","Thiruvarur","2020-11-06",2020,11,0.0,"IMD GRID MODEL"
"Tamil Nadu","Thiruvarur","2020-11-07",2020,11,0.0,"IMD GRID MODEL"
"Tamil Nadu","Thiruvarur","2020-11-08",2020,11,0.0,"IMD GRID MODEL"
"Tamil Nadu","Thiruvarur","2020-11-09",2020,11,0.0,"IMD GRID MODEL"
"Tamil Nadu","Thiruvarur","2020-11-10",2020,11,0.0,"IMD GRID MODEL"
"Tamil Nadu","Thiruvarur","2020-11-11",2020,11,0.0,"IMD GRID MODEL"
"Tamil Nadu","Thiruvarur","2020-11-12",2020,11,0.0,"IMD GRID MODEL"
"Tamil Nadu","Thiruvarur","2020-11-14",2020,11,0.0,"IMD GRID MODEL"
"Tamil Nadu","Thiruvarur","2020-11-15",2020,11,3.466604583,"IMD GRID MODEL"
"Tamil Nadu","Thiruvarur","2020-11-16",2020,11,16.82743146,"IMD GRID MODEL"
"Tamil Nadu","Thiruvarur","2020-11-17",2020,11,0.0,"IMD GRID MODEL"
"Tamil Nadu","Thiruvarur","2020-11-18",2020,11,0.0,"IMD GRID MODEL"
"Tamil Nadu","Thiruvarur","2020-11-19",2020,11,1.352681336,"IMD GRID MODEL"
"Tamil Nadu","Thiruvarur","2020-11-20",2020,11,0.053504583,"IMD GRID MODEL"
"Tamil Nadu","Thiruvarur","2020-11-21",2020,11,0.0,"IMD GRID MODEL"
"Tamil Nadu","Thiruvarur","2020-11-22",2020,11,0.0,"IMD GRID MODEL"
"Tamil Nadu","Thiruvarur","2020-11-23",2020,11,0.0,"IMD GRID MODEL"
"Tamil Nadu","Thiruvarur","2020-11-24",2020,11,0.0,"IMD GRID MODEL"
"Tamil Nadu","Thiruvarur","2020-11-25",2020,11,0.0,"IMD GRID MODEL"
"Tamil Nadu","Thiruvarur","2020-11-26",2020,11,0.0,"IMD GRID MODEL"
"Tamil Nadu","Thiruvarur","2020-11-27",2020,11,0.0,"IMD GRID MODEL"
"Tamil Nadu","Thiruvarur","2020-11-28",2020,11,0.0,"IMD GRID MODEL"
"Tamil Nadu","Thiruvarur","2020-11-29",2020,11,0.0,"IMD GRID MODEL"
"Tamil Nadu","Thiruvarur","2020-11-30",2020,11,0.0,"IMD GRID MODEL"
"Tamil Nadu","Thiruvarur","2020-10-04",2020,10,0.0,"IMD GRID MODEL"
"Tamil Nadu","Thiruvarur","2020-10-22",2020,10,0.0,"IMD GRID MODEL"
"Tamil Nadu","Thiruvarur","2020-10-25",2020,10,0.0,"IMD GRID MODEL"
"Tamil Nadu","Thiruvarur","2020-10-01",2020,10,0.0,"IMD GRID MODEL"
"Tamil Nadu","Thiruvarur","2020-10-02",2020,10,0.0,"IMD GRID MODEL"
"Tamil Nadu","Thiruvarur","2020-10-03",2020,10,0.0,"IMD GRID MODEL"
"Tamil Nadu","Thiruvarur","2020-10-05",2020,10,0.0,"IMD GRID MODEL"
"Tamil Nadu","Thiruvarur","2020-10-06",2020,10,0.0,"IMD GRID MODEL"
"Tamil Nadu","Thiruvarur","2020-10-07",2020,10,0.0,"IMD GRID MODEL"
"Tamil Nadu","Thiruvarur","2020-10-08",2020,10,0.0,"IMD GRID MODEL"
"Tamil Nadu","Thiruvarur","2020-10-09",2020,10,0.0,"IMD GRID MODEL"
"Tamil Nadu","Thiruvarur","2020-10-10",2020,10,0.0,"IMD GRID MODEL"
"Tamil Nadu","Thiruvarur","2020-10-11",2020,10,0.0,"IMD GRID MODEL"
"Tamil Nadu","Thiruvarur","2020-10-12",2020,10,0.0,"IMD GRID MODEL"
"Tamil Nadu","Thiruvarur","2020-10-13",2020,10,0.0,"IMD GRID MODEL"
"Tamil Nadu","Thiruvarur","2020-10-14",2020,10,0.0,"IMD GRID MODEL"
"Tamil Nadu","Thiruvarur","2020-10-15",2020,10,0.0,"IMD GRID MODEL"
"Tamil Nadu","Thiruvarur","2020-10-16",2020,10,0.0,"IMD GRID MODEL"
"Tamil Nadu","Thiruvarur","2020-10-17",2020,10,0.0,"IMD GRID MODEL"
"Tamil Nadu","Thiruvarur","2020-10-18",2020,10,0.0,"IMD GRID MODEL"
"Tamil Nadu","Thiruvarur","2020-10-19",2020,10,0.0,"IMD GRID MODEL"
"Tamil Nadu","Thiruvarur","2020-10-20",2020,10,0.0,"IMD GRID MODEL"
"Tamil Nadu","Thiruvarur","2020-10-21",2020,10,0.0,"IMD GRID MODEL"
"Tamil Nadu","Thiruvarur","2020-10-23",2020,10,0.0,"IMD GRID MODEL"
"Tamil Nadu","Thiruvarur","2020-10-24",2020,10,0.0,"IMD GRID MODEL"
"Tamil Nadu","Thiruvarur","2020-10-26",2020,10,0.0,"IMD GRID MODEL"
"Tamil Nadu","Thiruvarur","2020-10-27",2020,10,0.0,"IMD GRID MODEL"
"Tamil Nadu","Thiruvarur","2020-10-28",2020,10,0.0,"IMD GRID MODEL"
"Tamil Nadu","Thiruvarur","2020-10-29",2020,10,1.81367909,"IMD GRID MODEL"
"Tamil Nadu","Thiruvarur","2020-10-30",2020,10,0.304448585,"IMD GRID MODEL"
"Tamil Nadu","Thiruvarur","2020-10-31",2020,10,0.064539206,"IMD GRID MODEL"
"Tamil Nadu","Thiruvarur","2020-09-13",2020,9,0.0,"IMD GRID MODEL"
"Tamil Nadu","Thiruvarur","2020-09-20",2020,9,0.0,"IMD GRID MODEL"
"Tamil Nadu","Thiruvarur","2020-09-01",2020,9,0.0,"IMD GRID MODEL"
"Tamil Nadu","Thiruvarur","2020-09-02",2020,9,0.0,"IMD GRID MODEL"
"Tamil Nadu","Thiruvarur","2020-09-03",2020,9,0.0,"IMD GRID MODEL"
"Tamil Nadu","Thiruvarur","2020-09-04",2020,9,0.0,"IMD GRID MODEL"
"Tamil Nadu","Thiruvarur","2020-09-05",2020,9,0.0,"IMD GRID MODEL"
"Tamil Nadu","Thiruvarur","2020-09-06",2020,9,0.0,"IMD GRID MODEL"
"Tamil Nadu","Thiruvarur","2020-09-07",2020,9,0.0,"IMD GRID MODEL"
"Tamil Nadu","Thiruvarur","2020-09-08",2020,9,0.019774571,"IMD GRID MODEL"
"Tamil Nadu","Thiruvarur","2020-09-09",2020,9,0.0,"IMD GRID MODEL"
"Tamil Nadu","Thiruvarur","2020-09-10",2020,9,0.0,"IMD GRID MODEL"
"Tamil Nadu","Thiruvarur","2020-09-11",2020,9,0.0,"IMD GRID MODEL"
"Tamil Nadu","Thiruvarur","2020-09-12",2020,9,0.0,"IMD GRID MODEL"
"Tamil Nadu","Thiruvarur","2020-09-14",2020,9,0.0,"IMD GRID MODEL"
"Tamil Nadu","Thiruvarur","2020-09-15",2020,9,0.0,"IMD GRID MODEL"
"Tamil Nadu","Thiruvarur","2020-09-16",2020,9,0.0,"IMD GRID MODEL"
"Tamil Nadu","Thiruvarur","2020-09-17",2020,9,0.0,"IMD GRID MODEL"
"Tamil Nadu","Thiruvarur","2020-09-18",2020,9,0.01012692,"IMD GRID MODEL"
"Tamil Nadu","Thiruvarur","2020-09-19",2020,9,0.0,"IMD GRID MODEL"
"Tamil Nadu","Thiruvarur","2020-09-21",2020,9,0.0,"IMD GRID MODEL"
"Tamil Nadu","Thiruvarur","2020-09-22",2020,9,0.0,"IMD GRID MODEL"
"Tamil Nadu","Thiruvarur","2020-09-23",2020,9,0.0,"IMD GRID MODEL"
"Tamil Nadu","Thiruvarur","2020-09-24",2020,9,0.0,"IMD GRID MODEL"
"Tamil Nadu","Thiruvarur","2020-09-25",2020,9,0.0,"IMD GRID MODEL"
"Tamil Nadu","Thiruvarur","2020-09-26",2020,9,0.0,"IMD GRID MODEL"
"Tamil Nadu","Thiruvarur","2020-09-27",2020,9,0.0,"IMD GRID MODEL"
"Tamil Nadu","Thiruvarur","2020-09-28",2020,9,0.0,"IMD GRID MODEL"
"Tamil Nadu","Thiruvarur","2020-09-29",2020,9,0.0,"IMD GRID MODEL"
"Tamil Nadu","Thiruvarur","2020-09-30",2020,9,0.0,"IMD GRID MODEL"
"Tamil Nadu","Thiruvarur","2021-04-26",2021,4,0.0,"IMD GRID MODEL"
"Tamil Nadu","Thiruvarur","2021-04-07",2021,4,0.0,"IMD GRID MODEL"
"Tamil Nadu","Thiruvarur","2021-04-13",2021,4,1.310976039,"IMD GRID MODEL"
"Tamil Nadu","Thiruvarur","2021-04-30",2021,4,0.0,"IMD GRID MODEL"
"Tamil Nadu","Thiruvarur","2021-04-04",2021,4,0.0,"IMD GRID MODEL"
"Tamil Nadu","Thiruvarur","2021-04-01",2021,4,0.0,"IMD GRID MODEL"
"Tamil Nadu","Thiruvarur","2021-04-02",2021,4,0.0,"IMD GRID MODEL"
"Tamil Nadu","Thiruvarur","2021-04-03",2021,4,0.0,"IMD GRID MODEL"
"Tamil Nadu","Thiruvarur","2021-04-05",2021,4,0.0,"IMD GRID MODEL"
"Tamil Nadu","Thiruvarur","2021-04-06",2021,4,0.0,"IMD GRID MODEL"
"Tamil Nadu","Thiruvarur","2021-04-08",2021,4,0.0,"IMD GRID MODEL"
"Tamil Nadu","Thiruvarur","2021-04-09",2021,4,0.0,"IMD GRID MODEL"
"Tamil Nadu","Thiruvarur","2021-04-10",2021,4,0.0,"IMD GRID MODEL"
"Tamil Nadu","Thiruvarur","2021-04-11",2021,4,0.066768057,"IMD GRID MODEL"
"Tamil Nadu","Thiruvarur","2021-04-12",2021,4,0.14058142,"IMD GRID MODEL"
"Tamil Nadu","Thiruvarur","2021-04-14",2021,4,0.019672742,"IMD GRID MODEL"
"Tamil Nadu","Thiruvarur","2021-04-15",2021,4,1.464074954,"IMD GRID MODEL"
"Tamil Nadu","Thiruvarur","2021-04-16",2021,4,0.550650442,"IMD GRID MODEL"
"Tamil Nadu","Thiruvarur","2021-04-17",2021,4,9.867227681,"IMD GRID MODEL"
"Tamil Nadu","Thiruvarur","2021-04-18",2021,4,0.0,"IMD GRID MODEL"
"Tamil Nadu","Thiruvarur","2021-04-19",2021,4,0.0,"IMD GRID MODEL"
"Tamil Nadu","Thiruvarur","2021-04-20",2021,4,0.0,"IMD GRID MODEL"
"Tamil Nadu","Thiruvarur","2021-04-21",2021,4,0.0,"IMD GRID MODEL"
"Tamil Nadu","Thiruvarur","2021-04-22",2021,4,0.0,"IMD GRID MODEL"
"Tamil Nadu","Thiruvarur","2021-04-23",2021,4,0.0,"IMD GRID MODEL"
"Tamil Nadu","Thiruvarur","2021-04-24",2021,4,0.0,"IMD GRID MODEL"
"Tamil Nadu","Thiruvarur","2021-04-25",2021,4,0.021511898,"IMD GRID MODEL"
"Tamil Nadu","Thiruvarur","2021-04-27",2021,4,2.29771954,"IMD GRID MODEL"
"Tamil Nadu","Thiruvarur","2021-04-28",2021,4,1.357643875,"IMD GRID MODEL"
"Tamil Nadu","Thiruvarur","2021-04-29",2021,4,0.0,"IMD GRID MODEL"
"Tamil Nadu","Thiruvarur","2021-08-01",2021,8,0.045290845,"IMD GRID MODEL"
"Tamil Nadu","Thiruvarur","2021-08-08",2021,8,4.60530188,"IMD GRID MODEL"
"Tamil Nadu","Thiruvarur","2021-08-25",2021,8,1.204672824,"IMD GRID MODEL"
"Tamil Nadu","Thiruvarur","2021-08-29",2021,8,0.073968672,"IMD GRID MODEL"
"Tamil Nadu","Thiruvarur","2021-08-02",2021,8,0.0,"IMD GRID MODEL"
"Tamil Nadu","Thiruvarur","2021-08-03",2021,8,0.0,"IMD GRID MODEL"
"Tamil Nadu","Thiruvarur","2021-08-04",2021,8,0.0,"IMD GRID MODEL"
"Tamil Nadu","Thiruvarur","2021-08-05",2021,8,0.007085422,"IMD GRID MODEL"
"Tamil Nadu","Thiruvarur","2021-08-06",2021,8,0.190470155,"IMD GRID MODEL"
"Tamil Nadu","Thiruvarur","2021-08-07",2021,8,0.921668599,"IMD GRID MODEL"
"Tamil Nadu","Thiruvarur","2021-08-09",2021,8,0.180541154,"IMD GRID MODEL"
"Tamil Nadu","Thiruvarur","2021-08-10",2021,8,0.0,"IMD GRID MODEL"
"Tamil Nadu","Thiruvarur","2021-08-11",2021,8,0.0,"IMD GRID MODEL"
"Tamil Nadu","Thiruvarur","2021-08-12",2021,8,11.56988646,"IMD GRID MODEL"
"Tamil Nadu","Thiruvarur","2021-08-13",2021,8,0.0,"IMD GRID MODEL"
"Tamil Nadu","Thiruvarur","2021-08-14",2021,8,1.849305537,"IMD GRID MODEL"
"Tamil Nadu","Thiruvarur","2021-08-15",2021,8,4.706319994,"IMD GRID MODEL"
"Tamil Nadu","Thiruvarur","2021-08-16",2021,8,0.0,"IMD GRID MODEL"
"Tamil Nadu","Thiruvarur","2021-08-17",2021,8,1.012097609,"IMD GRID MODEL"
"Tamil Nadu","Thiruvarur","2021-08-18",2021,8,21.63316704,"IMD GRID MODEL"
"Tamil Nadu","Thiruvarur","2021-08-19",2021,8,0.746765106,"IMD GRID MODEL"
"Tamil Nadu","Thiruvarur","2021-08-20",2021,8,0.0,"IMD GRID MODEL"
"Tamil Nadu","Thiruvarur","2021-08-21",2021,8,0.0,"IMD GRID MODEL"
"Tamil Nadu","Thiruvarur","2021-08-22",2021,8,4.220749581,"IMD GRID MODEL"
"Tamil Nadu","Thiruvarur","2021-08-23",2021,8,7.590020689,"IMD GRID MODEL"
"Tamil Nadu","Thiruvarur","2021-08-24",2021,8,8.74134668,"IMD GRID MODEL"
"Tamil Nadu","Thiruvarur","2021-08-26",2021,8,0.0,"IMD GRID MODEL"
"Tamil Nadu","Thiruvarur","2021-08-27",2021,8,0.151494029,"IMD GRID MODEL"
"Tamil Nadu","Thiruvarur","2021-08-28",2021,8,0.0,"IMD GRID MODEL"
"Tamil Nadu","Thiruvarur","2021-08-30",2021,8,0.0,"IMD GRID MODEL"
"Tamil Nadu","Thiruvarur","2021-08-31",2021,8,0.0,"IMD GRID MODEL"
"Tamil Nadu","Thiruvarur","2021-12-07",2021,12,4.065933104,"IMD GRID MODEL"
"Tamil Nadu","Thiruvarur","2021-12-15",2021,12,3.814206544,"IMD GRID MODEL"
"Tamil Nadu","Thiruvarur","2021-12-01",2021,12,0.909252493,"IMD GRID MODEL"
"Tamil Nadu","Thiruvarur","2021-12-02",2021,12,3.519147553,"IMD GRID MODEL"
"Tamil Nadu","Thiruvarur","2021-12-03",2021,12,0.0,"IMD GRID MODEL"
"Tamil Nadu","Thiruvarur","2021-12-04",2021,12,0.0,"IMD GRID MODEL"
"Tamil Nadu","Thiruvarur","2021-12-05",2021,12,0.0,"IMD GRID MODEL"
"Tamil Nadu","Thiruvarur","2021-12-06",2021,12,0.155008903,"IMD GRID MODEL"
"Tamil Nadu","Thiruvarur","2021-12-08",2021,12,0.0,"IMD GRID MODEL"
"Tamil Nadu","Thiruvarur","2021-12-09",2021,12,0.670106753,"IMD GRID MODEL"
"Tamil Nadu","Thiruvarur","2021-12-10",2021,12,0.208301072,"IMD GRID MODEL"
"Tamil Nadu","Thiruvarur","2021-12-12",2021,12,7.122519857,"IMD GRID MODEL"
"Tamil Nadu","Thiruvarur","2021-12-13",2021,12,1.444945928,"IMD GRID MODEL"
"Tamil Nadu","Thiruvarur","2021-12-11",2021,12,0.026356203,"IMD GRID MODEL"
"Tamil Nadu","Thiruvarur","2021-12-14",2021,12,6.472011921,"IMD GRID MODEL"
"Tamil Nadu","Thiruvarur","2021-12-16",2021,12,6.945808824,"IMD GRID MODEL"
"Tamil Nadu","Thiruvarur","2021-12-17",2021,12,0.0,"IMD GRID MODEL"
"Tamil Nadu","Thiruvarur","2021-12-18",2021,12,0.0,"IMD GRID MODEL"
"Tamil Nadu","Thiruvarur","2021-12-19",2021,12,0.0,"IMD GRID MODEL"
"Tamil Nadu","Thiruvarur","2021-12-20",2021,12,0.0,"IMD GRID MODEL"
"Tamil Nadu","Thiruvarur","2021-12-21",2021,12,0.0,"IMD GRID MODEL"
"Tamil Nadu","Thiruvarur","2021-12-22",2021,12,0.0,"IMD GRID MODEL"
"Tamil Nadu","Thiruvarur","2021-12-23",2021,12,0.0,"IMD GRID MODEL"
"Tamil Nadu","Thiruvarur","2021-12-24",2021,12,0.0,"IMD GRID MODEL"
"Tamil Nadu","Thiruvarur","2021-12-25",2021,12,0.0,"IMD GRID MODEL"
"Tamil Nadu","Thiruvarur","2021-12-26",2021,12,0.0,"IMD GRID MODEL"
"Tamil Nadu","Thiruvarur","2021-12-27",2021,12,0.0,"IMD GRID MODEL"
"Tamil Nadu","Thiruvarur","2021-12-28",2021,12,0.0,"IMD GRID MODEL"
"Tamil Nadu","Thiruvarur","2021-12-29",2021,12,2.418626056,"IMD GRID MODEL"
"Tamil Nadu","Thiruvarur","2021-12-30",2021,12,0.264069074,"IMD GRID MODEL"
"Tamil Nadu","Thiruvarur","2021-12-31",2021,12,18.14910935,"IMD GRID MODEL"
"Tamil Nadu","Thiruvarur","2021-02-02",2021,2,0.0,"IMD GRID MODEL"
"Tamil Nadu","Thiruvarur","2021-02-06",2021,2,0.0,"IMD GRID MODEL"
"Tamil Nadu","Thiruvarur","2021-02-09",2021,2,0.0,"IMD GRID MODEL"
"Tamil Nadu","Thiruvarur","2021-02-01",2021,2,0.0,"IMD GRID MODEL"
"Tamil Nadu","Thiruvarur","2021-02-03",2021,2,0.0,"IMD GRID MODEL"
"Tamil Nadu","Thiruvarur","2021-02-04",2021,2,0.0,"IMD GRID MODEL"
"Tamil Nadu","Thiruvarur","2021-02-05",2021,2,0.0,"IMD GRID MODEL"
"Tamil Nadu","Thiruvarur","2021-02-07",2021,2,0.0,"IMD GRID MODEL"
"Tamil Nadu","Thiruvarur","2021-02-08",2021,2,0.0,"IMD GRID MODEL"
"Tamil Nadu","Thiruvarur","2021-02-10",2021,2,0.0,"IMD GRID MODEL"
"Tamil Nadu","Thiruvarur","2021-02-11",2021,2,0.0,"IMD GRID MODEL"
"Tamil Nadu","Thiruvarur","2021-02-12",2021,2,0.0,"IMD GRID MODEL"
"Tamil Nadu","Thiruvarur","2021-02-13",2021,2,0.0,"IMD GRID MODEL"
"Tamil Nadu","Thiruvarur","2021-02-14",2021,2,0.0,"IMD GRID MODEL"
"Tamil Nadu","Thiruvarur","2021-02-15",2021,2,0.0,"IMD GRID MODEL"
"Tamil Nadu","Thiruvarur","2021-02-16",2021,2,0.0,"IMD GRID MODEL"
"Tamil Nadu","Thiruvarur","2021-02-17",2021,2,0.0,"IMD GRID MODEL"
"Tamil Nadu","Thiruvarur","2021-02-18",2021,2,0.02624101,"IMD GRID MODEL"
"Tamil Nadu","Thiruvarur","2021-02-19",2021,2,0.0,"IMD GRID MODEL"
"Tamil Nadu","Thiruvarur","2021-02-20",2021,2,0.0,"IMD GRID MODEL"
"Tamil Nadu","Thiruvarur","2021-02-21",2021,2,0.704734839,"IMD GRID MODEL"
"Tamil Nadu","Thiruvarur","2021-02-22",2021,2,3.782971876,"IMD GRID MODEL"
"Tamil Nadu","Thiruvarur","2021-02-23",2021,2,0.0,"IMD GRID MODEL"
"Tamil Nadu","Thiruvarur","2021-02-24",2021,2,0.0,"IMD GRID MODEL"
"Tamil Nadu","Thiruvarur","2021-02-25",2021,2,0.0,"IMD GRID MODEL"
"Tamil Nadu","Thiruvarur","2021-02-26",2021,2,0.0,"IMD GRID MODEL"
"Tamil Nadu","Thiruvarur","2021-02-27",2021,2,0.0,"IMD GRID MODEL"
"Tamil Nadu","Thiruvarur","2021-02-28",2021,2,0.0,"IMD GRID MODEL"
"Tamil Nadu","Thiruvarur","2021-01-23",2021,1,0.0,"IMD GRID MODEL"
"Tamil Nadu","Thiruvarur","2021-01-03",2021,1,13.37557145,"IMD GRID MODEL"
"Tamil Nadu","Thiruvarur","2021-01-01",2021,1,13.0551052,"IMD GRID MODEL"
"Tamil Nadu","Thiruvarur","2021-01-02",2021,1,0.214199724,"IMD GRID MODEL"
"Tamil Nadu","Thiruvarur","2021-01-04",2021,1,21.47866892,"IMD GRID MODEL"
"Tamil Nadu","Thiruvarur","2021-01-05",2021,1,1.626434368,"IMD GRID MODEL"
"Tamil Nadu","Thiruvarur","2021-01-06",2021,1,4.333735113,"IMD GRID MODEL"
"Tamil Nadu","Thiruvarur","2021-01-07",2021,1,26.73326232,"IMD GRID MODEL"
"Tamil Nadu","Thiruvarur","2021-01-08",2021,1,0.0,"IMD GRID MODEL"
"Tamil Nadu","Thiruvarur","2021-01-09",2021,1,11.722898,"IMD GRID MODEL"
"Tamil Nadu","Thiruvarur","2021-01-10",2021,1,4.362480766,"IMD GRID MODEL"
"Tamil Nadu","Thiruvarur","2021-01-12",2021,1,79.24552053,"IMD GRID MODEL"
"Tamil Nadu","Thiruvarur","2021-01-13",2021,1,50.78903757,"IMD GRID MODEL"
"Tamil Nadu","Thiruvarur","2021-01-14",2021,1,14.34110946,"IMD GRID MODEL"
"Tamil Nadu","Thiruvarur","2021-01-11",2021,1,19.44557739,"IMD GRID MODEL"
"Tamil Nadu","Thiruvarur","2021-01-15",2021,1,48.18631943,"IMD GRID MODEL"
"Tamil Nadu","Thiruvarur","2021-01-16",2021,1,10.96653871,"IMD GRID MODEL"
"Tamil Nadu","Thiruvarur","2021-01-17",2021,1,0.774164464,"IMD GRID MODEL"
"Tamil Nadu","Thiruvarur","2021-01-18",2021,1,0.0,"IMD GRID MODEL"
"Tamil Nadu","Thiruvarur","2021-01-19",2021,1,0.0,"IMD GRID MODEL"
"Tamil Nadu","Thiruvarur","2021-01-20",2021,1,0.0,"IMD GRID MODEL"
"Tamil Nadu","Thiruvarur","2021-01-21",2021,1,0.0,"IMD GRID MODEL"
"Tamil Nadu","Thiruvarur","2021-01-22",2021,1,0.0,"IMD GRID MODEL"
"Tamil Nadu","Thiruvarur","2021-01-24",2021,1,0.0,"IMD GRID MODEL"
"Tamil Nadu","Thiruvarur","2021-01-25",2021,1,0.0,"IMD GRID MODEL"
"Tamil Nadu","Thiruvarur","2021-01-26",2021,1,0.0,"IMD GRID MODEL"
"Tamil Nadu","Thiruvarur","2021-01-27",2021,1,0.0,"IMD GRID MODEL"
"Tamil Nadu","Thiruvarur","2021-01-28",2021,1,0.0,"IMD GRID MODEL"
"Tamil Nadu","Thiruvarur","2021-01-29",2021,1,0.0,"IMD GRID MODEL"
"Tamil Nadu","Thiruvarur","2021-01-30",2021,1,0.0,"IMD GRID MODEL"
"Tamil Nadu","Thiruvarur","2021-01-31",2021,1,0.0,"IMD GRID MODEL"
"Tamil Nadu","Thiruvarur","2021-07-14",2021,7,0.0,"IMD GRID MODEL"
"Tamil Nadu","Thiruvarur","2021-07-01",2021,7,0.0,"IMD GRID MODEL"
"Tamil Nadu","Thiruvarur","2021-07-02",2021,7,0.496610329,"IMD GRID MODEL"
"Tamil Nadu","Thiruvarur","2021-07-03",2021,7,1.559754449,"IMD GRID MODEL"
"Tamil Nadu","Thiruvarur","2021-07-04",2021,7,0.178956246,"IMD GRID MODEL"
"Tamil Nadu","Thiruvarur","2021-07-05",2021,7,2.992707753,"IMD GRID MODEL"
"Tamil Nadu","Thiruvarur","2021-07-06",2021,7,0.0,"IMD GRID MODEL"
"Tamil Nadu","Thiruvarur","2021-07-07",2021,7,0.638510072,"IMD GRID MODEL"
"Tamil Nadu","Thiruvarur","2021-07-08",2021,7,8.958744428,"IMD GRID MODEL"
"Tamil Nadu","Thiruvarur","2021-07-09",2021,7,0.355601562,"IMD GRID MODEL"
"Tamil Nadu","Thiruvarur","2021-07-10",2021,7,0.591949144,"IMD GRID MODEL"
"Tamil Nadu","Thiruvarur","2021-07-11",2021,7,0.0,"IMD GRID MODEL"
"Tamil Nadu","Thiruvarur","2021-07-12",2021,7,0.0,"IMD GRID MODEL"
"Tamil Nadu","Thiruvarur","2021-07-13",2021,7,0.0,"IMD GRID MODEL"
"Tamil Nadu","Thiruvarur","2021-07-15",2021,7,7.157316407,"IMD GRID MODEL"
"Tamil Nadu","Thiruvarur","2021-07-16",2021,7,0.005365293,"IMD GRID MODEL"
"Tamil Nadu","Thiruvarur","2021-07-17",2021,7,0.383449886,"IMD GRID MODEL"
"Tamil Nadu","Thiruvarur","2021-07-18",2021,7,19.87252819,"IMD GRID MODEL"
"Tamil Nadu","Thiruvarur","2021-07-19",2021,7,0.0,"IMD GRID MODEL"
"Tamil Nadu","Thiruvarur","2021-07-20",2021,7,0.0,"IMD GRID MODEL"
"Tamil Nadu","Thiruvarur","2021-07-21",2021,7,0.0,"IMD GRID MODEL"
"Tamil Nadu","Thiruvarur","2021-07-22",2021,7,0.0,"IMD GRID MODEL"
"Tamil Nadu","Thiruvarur","2021-07-23",2021,7,0.0,"IMD GRID MODEL"
"Tamil Nadu","Thiruvarur","2021-07-24",2021,7,0.0,"IMD GRID MODEL"
"Tamil Nadu","Thiruvarur","2021-07-25",2021,7,0.0,"IMD GRID MODEL"
"Tamil Nadu","Thiruvarur","2021-07-26",2021,7,0.536418149,"IMD GRID MODEL"
"Tamil Nadu","Thiruvarur","2021-07-27",2021,7,0.00476915,"IMD GRID MODEL"
"Tamil Nadu","Thiruvarur","2021-07-28",2021,7,3.559913882,"IMD GRID MODEL"
"Tamil Nadu","Thiruvarur","2021-07-29",2021,7,0.0,"IMD GRID MODEL"
"Tamil Nadu","Thiruvarur","2021-07-30",2021,7,0.0,"IMD GRID MODEL"
"Tamil Nadu","Thiruvarur","2021-07-31",2021,7,0.0,"IMD GRID MODEL"
"Tamil Nadu","Thiruvarur","2021-06-06",2021,6,12.78946615,"IMD GRID MODEL"
"Tamil Nadu","Thiruvarur","2021-06-20",2021,6,0.0,"IMD GRID MODEL"
"Tamil Nadu","Thiruvarur","2021-06-24",2021,6,2.800852023,"IMD GRID MODEL"
"Tamil Nadu","Thiruvarur","2021-06-01",2021,6,0.0,"IMD GRID MODEL"
"Tamil Nadu","Thiruvarur","2021-06-02",2021,6,0.0,"IMD GRID MODEL"
"Tamil Nadu","Thiruvarur","2021-06-03",2021,6,0.0,"IMD GRID MODEL"
"Tamil Nadu","Thiruvarur","2021-06-04",2021,6,0.003576862,"IMD GRID MODEL"
"Tamil Nadu","Thiruvarur","2021-06-05",2021,6,2.169049316,"IMD GRID MODEL"
"Tamil Nadu","Thiruvarur","2021-06-07",2021,6,0.0,"IMD GRID MODEL"
"Tamil Nadu","Thiruvarur","2021-06-08",2021,6,0.0,"IMD GRID MODEL"
"Tamil Nadu","Thiruvarur","2021-06-09",2021,6,1.294113747,"IMD GRID MODEL"
"Tamil Nadu","Thiruvarur","2021-06-10",2021,6,0.0,"IMD GRID MODEL"
"Tamil Nadu","Thiruvarur","2021-06-11",2021,6,0.0,"IMD GRID MODEL"
"Tamil Nadu","Thiruvarur","2021-06-12",2021,6,0.0,"IMD GRID MODEL"
"Tamil Nadu","Thiruvarur","2021-06-13",2021,6,2.29175504,"IMD GRID MODEL"
"Tamil Nadu","Thiruvarur","2021-06-14",2021,6,0.0,"IMD GRID MODEL"
"Tamil Nadu","Thiruvarur","2021-06-15",2021,6,0.0,"IMD GRID MODEL"
"Tamil Nadu","Thiruvarur","2021-06-16",2021,6,0.0,"IMD GRID MODEL"
"Tamil Nadu","Thiruvarur","2021-06-17",2021,6,0.0,"IMD GRID MODEL"
"Tamil Nadu","Thiruvarur","2021-06-18",2021,6,0.0,"IMD GRID MODEL"
"Tamil Nadu","Thiruvarur","2021-06-19",2021,6,0.0,"IMD GRID MODEL"
"Tamil Nadu","Thiruvarur","2021-06-21",2021,6,0.0,"IMD GRID MODEL"
"Tamil Nadu","Thiruvarur","2021-06-22",2021,6,6.536118393,"IMD GRID MODEL"
"Tamil Nadu","Thiruvarur","2021-06-23",2021,6,1.65461112,"IMD GRID MODEL"
"Tamil Nadu","Thiruvarur","2021-06-25",2021,6,0.0,"IMD GRID MODEL"
"Tamil Nadu","Thiruvarur","2021-06-26",2021,6,0.0,"IMD GRID MODEL"
"Tamil Nadu","Thiruvarur","2021-06-27",2021,6,0.578391383,"IMD GRID MODEL"
"Tamil Nadu","Thiruvarur","2021-06-28",2021,6,1.915236365,"IMD GRID MODEL"
"Tamil Nadu","Thiruvarur","2021-06-29",2021,6,2.861386442,"IMD GRID MODEL"
"Tamil Nadu","Thiruvarur","2021-06-30",2021,6,0.170027789,"IMD GRID MODEL"
"Tamil Nadu","Thiruvarur","2021-03-11",2021,3,0.0,"IMD GRID MODEL"
"Tamil Nadu","Thiruvarur","2021-03-30",2021,3,0.0,"IMD GRID MODEL"
"Tamil Nadu","Thiruvarur","2021-03-13",2021,3,0.0,"IMD GRID MODEL"
"Tamil Nadu","Thiruvarur","2021-03-15",2021,3,0.0,"IMD GRID MODEL"
"Tamil Nadu","Thiruvarur","2021-03-01",2021,3,0.0,"IMD GRID MODEL"
"Tamil Nadu","Thiruvarur","2021-03-02",2021,3,0.0,"IMD GRID MODEL"
"Tamil Nadu","Thiruvarur","2021-03-03",2021,3,0.0,"IMD GRID MODEL"
"Tamil Nadu","Thiruvarur","2021-03-04",2021,3,0.0,"IMD GRID MODEL"
"Tamil Nadu","Thiruvarur","2021-03-05",2021,3,0.0,"IMD GRID MODEL"
"Tamil Nadu","Thiruvarur","2021-03-06",2021,3,0.0,"IMD GRID MODEL"
"Tamil Nadu","Thiruvarur","2021-03-07",2021,3,0.0,"IMD GRID MODEL"
"Tamil Nadu","Thiruvarur","2021-03-09",2021,3,0.0,"IMD GRID MODEL"
"Tamil Nadu","Thiruvarur","2021-03-10",2021,3,0.0,"IMD GRID MODEL"
"Tamil Nadu","Thiruvarur","2021-03-12",2021,3,0.0,"IMD GRID MODEL"
"Tamil Nadu","Thiruvarur","2021-03-08",2021,3,0.0,"IMD GRID MODEL"
"Tamil Nadu","Thiruvarur","2021-03-14",2021,3,0.0,"IMD GRID MODEL"
"Tamil Nadu","Thiruvarur","2021-03-16",2021,3,0.0,"IMD GRID MODEL"
"Tamil Nadu","Thiruvarur","2021-03-17",2021,3,0.0,"IMD GRID MODEL"
"Tamil Nadu","Thiruvarur","2021-03-18",2021,3,0.0,"IMD GRID MODEL"
"Tamil Nadu","Thiruvarur","2021-03-19",2021,3,0.0,"IMD GRID MODEL"
"Tamil Nadu","Thiruvarur","2021-03-20",2021,3,0.0,"IMD GRID MODEL"
"Tamil Nadu","Thiruvarur","2021-03-21",2021,3,0.0,"IMD GRID MODEL"
"Tamil Nadu","Thiruvarur","2021-03-22",2021,3,0.0,"IMD GRID MODEL"
"Tamil Nadu","Thiruvarur","2021-03-23",2021,3,0.0,"IMD GRID MODEL"
"Tamil Nadu","Thiruvarur","2021-03-24",2021,3,0.0,"IMD GRID MODEL"
"Tamil Nadu","Thiruvarur","2021-03-25",2021,3,0.0,"IMD GRID MODEL"
"Tamil Nadu","Thiruvarur","2021-03-26",2021,3,0.0,"IMD GRID MODEL"
"Tamil Nadu","Thiruvarur","2021-03-27",2021,3,0.0,"IMD GRID MODEL"
"Tamil Nadu","Thiruvarur","2021-03-28",2021,3,0.0,"IMD GRID MODEL"
"Tamil Nadu","Thiruvarur","2021-03-29",2021,3,0.0,"IMD GRID MODEL"
"Tamil Nadu","Thiruvarur","2021-03-31",2021,3,0.0,"IMD GRID MODEL"
"Tamil Nadu","Thiruvarur","2021-05-21",2021,5,7.81512155,"IMD GRID MODEL"
"Tamil Nadu","Thiruvarur","2021-05-01",2021,5,0.0,"IMD GRID MODEL"
"Tamil Nadu","Thiruvarur","2021-05-02",2021,5,0.0,"IMD GRID MODEL"
"Tamil Nadu","Thiruvarur","2021-05-03",2021,5,10.26479656,"IMD GRID MODEL"
"Tamil Nadu","Thiruvarur","2021-05-04",2021,5,2.213447982,"IMD GRID MODEL"
"Tamil Nadu","Thiruvarur","2021-05-05",2021,5,6.290752793,"IMD GRID MODEL"
"Tamil Nadu","Thiruvarur","2021-05-06",2021,5,0.00476915,"IMD GRID MODEL"
"Tamil Nadu","Thiruvarur","2021-05-07",2021,5,0.005365293,"IMD GRID MODEL"
"Tamil Nadu","Thiruvarur","2021-05-08",2021,5,0.582973439,"IMD GRID MODEL"
"Tamil Nadu","Thiruvarur","2021-05-09",2021,5,0.0,"IMD GRID MODEL"
"Tamil Nadu","Thiruvarur","2021-05-10",2021,5,0.191021191,"IMD GRID MODEL"
"Tamil Nadu","Thiruvarur","2021-05-11",2021,5,4.988457533,"IMD GRID MODEL"
"Tamil Nadu","Thiruvarur","2021-05-12",2021,5,0.0,"IMD GRID MODEL"
"Tamil Nadu","Thiruvarur","2021-05-13",2021,5,0.0,"IMD GRID MODEL"
"Tamil Nadu","Thiruvarur","2021-05-14",2021,5,8.364035806,"IMD GRID MODEL"
"Tamil Nadu","Thiruvarur","2021-05-15",2021,5,0.0,"IMD GRID MODEL"
"Tamil Nadu","Thiruvarur","2021-05-16",2021,5,0.140916726,"IMD GRID MODEL"
"Tamil Nadu","Thiruvarur","2021-05-17",2021,5,0.135872534,"IMD GRID MODEL"
"Tamil Nadu","Thiruvarur","2021-05-18",2021,5,0.077003986,"IMD GRID MODEL"
"Tamil Nadu","Thiruvarur","2021-05-19",2021,5,0.0,"IMD GRID MODEL"
"Tamil Nadu","Thiruvarur","2021-05-20",2021,5,1.778731211,"IMD GRID MODEL"
"Tamil Nadu","Thiruvarur","2021-05-22",2021,5,0.0,"IMD GRID MODEL"
"Tamil Nadu","Thiruvarur","2021-05-23",2021,5,0.0,"IMD GRID MODEL"
"Tamil Nadu","Thiruvarur","2021-05-24",2021,5,0.0,"IMD GRID MODEL"
"Tamil Nadu","Thiruvarur","2021-05-25",2021,5,0.0,"IMD GRID MODEL"
"Tamil Nadu","Thiruvarur","2021-05-26",2021,5,0.078609099,"IMD GRID MODEL"
"Tamil Nadu","Thiruvarur","2021-05-27",2021,5,0.0,"IMD GRID MODEL"
"Tamil Nadu","Thiruvarur","2021-05-28",2021,5,0.13134345,"IMD GRID MODEL"
"Tamil Nadu","Thiruvarur","2021-05-29",2021,5,0.0,"IMD GRID MODEL"
"Tamil Nadu","Thiruvarur","2021-05-30",2021,5,0.0,"IMD GRID MODEL"
"Tamil Nadu","Thiruvarur","2021-05-31",2021,5,0.380443096,"IMD GRID MODEL"
"Tamil Nadu","Thiruvarur","2021-11-13",2021,11,0.876742913,"IMD GRID MODEL"
"Tamil Nadu","Thiruvarur","2021-11-19",2021,11,7.385150168,"IMD GRID MODEL"
"Tamil Nadu","Thiruvarur","2021-11-29",2021,11,48.52453278,"IMD GRID MODEL"
"Tamil Nadu","Thiruvarur","2021-11-15",2021,11,1.112857617,"IMD GRID MODEL"
"Tamil Nadu","Thiruvarur","2021-11-01",2021,11,50.61192797,"IMD GRID MODEL"
"Tamil Nadu","Thiruvarur","2021-11-02",2021,11,48.71559083,"IMD GRID MODEL"
"Tamil Nadu","Thiruvarur","2021-11-03",2021,11,60.91561666,"IMD GRID MODEL"
"Tamil Nadu","Thiruvarur","2021-11-04",2021,11,17.91579772,"IMD GRID MODEL"
"Tamil Nadu","Thiruvarur","2021-11-05",2021,11,3.846653739,"IMD GRID MODEL"
"Tamil Nadu","Thiruvarur","2021-11-07",2021,11,8.556752149,"IMD GRID MODEL"
"Tamil Nadu","Thiruvarur","2021-11-08",2021,11,13.33196656,"IMD GRID MODEL"
"Tamil Nadu","Thiruvarur","2021-11-09",2021,11,11.2991265,"IMD GRID MODEL"
"Tamil Nadu","Thiruvarur","2021-11-06",2021,11,19.12211934,"IMD GRID MODEL"
"Tamil Nadu","Thiruvarur","2021-11-10",2021,11,185.1727332,"IMD GRID MODEL"
"Tamil Nadu","Thiruvarur","2021-11-11",2021,11,6.227947046,"IMD GRID MODEL"
"Tamil Nadu","Thiruvarur","2021-11-12",2021,11,2.370885551,"IMD GRID MODEL"
"Tamil Nadu","Thiruvarur","2021-11-14",2021,11,0.531682462,"IMD GRID MODEL"
"Tamil Nadu","Thiruvarur","2021-11-16",2021,11,25.9526725,"IMD GRID MODEL"
"Tamil Nadu","Thiruvarur","2021-11-17",2021,11,1.551434389,"IMD GRID MODEL"
"Tamil Nadu","Thiruvarur","2021-11-18",2021,11,51.40073638,"IMD GRID MODEL"
"Tamil Nadu","Thiruvarur","2021-11-20",2021,11,0.720503209,"IMD GRID MODEL"
"Tamil Nadu","Thiruvarur","2021-11-21",2021,11,1.318083982,"IMD GRID MODEL"
"Tamil Nadu","Thiruvarur","2021-11-22",2021,11,0.286909845,"IMD GRID MODEL"
"Tamil Nadu","Thiruvarur","2021-11-23",2021,11,5.449025863,"IMD GRID MODEL"
"Tamil Nadu","Thiruvarur","2021-11-24",2021,11,1.66359474,"IMD GRID MODEL"
"Tamil Nadu","Thiruvarur","2021-11-25",2021,11,21.74018359,"IMD GRID MODEL"
"Tamil Nadu","Thiruvarur","2021-11-26",2021,11,75.90157193,"IMD GRID MODEL"
"Tamil Nadu","Thiruvarur","2021-11-27",2021,11,50.37346269,"IMD GRID MODEL"
"Tamil Nadu","Thiruvarur","2021-11-28",2021,11,34.75019179,"IMD GRID MODEL"
"Tamil Nadu","Thiruvarur","2021-11-30",2021,11,1.676592165,"IMD GRID MODEL"
"Tamil Nadu","Thiruvarur","2021-10-16",2021,10,0.0,"IMD GRID MODEL"
"Tamil Nadu","Thiruvarur","2021-10-01",2021,10,9.847640584,"IMD GRID MODEL"
"Tamil Nadu","Thiruvarur","2021-10-02",2021,10,0.085743792,"IMD GRID MODEL"
"Tamil Nadu","Thiruvarur","2021-10-03",2021,10,19.75222473,"IMD GRID MODEL"
"Tamil Nadu","Thiruvarur","2021-10-04",2021,10,1.282885557,"IMD GRID MODEL"
"Tamil Nadu","Thiruvarur","2021-10-05",2021,10,5.289809652,"IMD GRID MODEL"
"Tamil Nadu","Thiruvarur","2021-10-06",2021,10,16.67670554,"IMD GRID MODEL"
"Tamil Nadu","Thiruvarur","2021-10-07",2021,10,0.0,"IMD GRID MODEL"
"Tamil Nadu","Thiruvarur","2021-10-08",2021,10,0.020915754,"IMD GRID MODEL"
"Tamil Nadu","Thiruvarur","2021-10-09",2021,10,23.85839065,"IMD GRID MODEL"
"Tamil Nadu","Thiruvarur","2021-10-11",2021,10,24.41647127,"IMD GRID MODEL"
"Tamil Nadu","Thiruvarur","2021-10-12",2021,10,28.97847118,"IMD GRID MODEL"
"Tamil Nadu","Thiruvarur","2021-10-13",2021,10,11.38904336,"IMD GRID MODEL"
"Tamil Nadu","Thiruvarur","2021-10-10",2021,10,2.234831198,"IMD GRID MODEL"
"Tamil Nadu","Thiruvarur","2021-10-14",2021,10,5.863564645,"IMD GRID MODEL"
"Tamil Nadu","Thiruvarur","2021-10-15",2021,10,1.476613972,"IMD GRID MODEL"
"Tamil Nadu","Thiruvarur","2021-10-17",2021,10,0.232175596,"IMD GRID MODEL"
"Tamil Nadu","Thiruvarur","2021-10-18",2021,10,2.381796372,"IMD GRID MODEL"
"Tamil Nadu","Thiruvarur","2021-10-19",2021,10,1.981403557,"IMD GRID MODEL"
"Tamil Nadu","Thiruvarur","2021-10-20",2021,10,0.022645422,"IMD GRID MODEL"
"Tamil Nadu","Thiruvarur","2021-10-21",2021,10,7.35826648,"IMD GRID MODEL"
"Tamil Nadu","Thiruvarur","2021-10-22",2021,10,1.993158058,"IMD GRID MODEL"
"Tamil Nadu","Thiruvarur","2021-10-23",2021,10,1.054052509,"IMD GRID MODEL"
"Tamil Nadu","Thiruvarur","2021-10-24",2021,10,6.227922182,"IMD GRID MODEL"
"Tamil Nadu","Thiruvarur","2021-10-25",2021,10,23.00847646,"IMD GRID MODEL"
"Tamil Nadu","Thiruvarur","2021-10-26",2021,10,6.383614614,"IMD GRID MODEL"
"Tamil Nadu","Thiruvarur","2021-10-27",2021,10,0.579722696,"IMD GRID MODEL"
"Tamil Nadu","Thiruvarur","2021-10-28",2021,10,4.379149334,"IMD GRID MODEL"
"Tamil Nadu","Thiruvarur","2021-10-29",2021,10,51.73600573,"IMD GRID MODEL"
"Tamil Nadu","Thiruvarur","2021-10-31",2021,10,32.06859813,"IMD GRID MODEL"
"Tamil Nadu","Thiruvarur","2021-10-30",2021,10,37.90158097,"IMD GRID MODEL"
"Tamil Nadu","Thiruvarur","2021-09-11",2021,9,2.93071556,"IMD GRID MODEL"
"Tamil Nadu","Thiruvarur","2021-09-09",2021,9,0.0,"IMD GRID MODEL"
"Tamil Nadu","Thiruvarur","2021-09-16",2021,9,0.761763373,"IMD GRID MODEL"
"Tamil Nadu","Thiruvarur","2021-09-23",2021,9,1.096852234,"IMD GRID MODEL"
"Tamil Nadu","Thiruvarur","2021-09-02",2021,9,5.462197283,"IMD GRID MODEL"
"Tamil Nadu","Thiruvarur","2021-09-03",2021,9,25.35743681,"IMD GRID MODEL"
"Tamil Nadu","Thiruvarur","2021-09-04",2021,9,2.001615009,"IMD GRID MODEL"
"Tamil Nadu","Thiruvarur","2021-09-05",2021,9,12.99262021,"IMD GRID MODEL"
"Tamil Nadu","Thiruvarur","2021-09-06",2021,9,3.580762329,"IMD GRID MODEL"
"Tamil Nadu","Thiruvarur","2021-09-07",2021,9,0.0,"IMD GRID MODEL"
"Tamil Nadu","Thiruvarur","2021-09-08",2021,9,0.0,"IMD GRID MODEL"
"Tamil Nadu","Thiruvarur","2021-09-10",2021,9,0.0,"IMD GRID MODEL"
"Tamil Nadu","Thiruvarur","2021-09-12",2021,9,0.0,"IMD GRID MODEL"
"Tamil Nadu","Thiruvarur","2021-09-13",2021,9,1.238658216,"IMD GRID MODEL"
"Tamil Nadu","Thiruvarur","2021-09-14",2021,9,0.0,"IMD GRID MODEL"
"Tamil Nadu","Thiruvarur","2021-09-15",2021,9,0.0,"IMD GRID MODEL"
"Tamil Nadu","Thiruvarur","2021-09-17",2021,9,4.275145576,"IMD GRID MODEL"
"Tamil Nadu","Thiruvarur","2021-09-18",2021,9,4.12729022,"IMD GRID MODEL"
"Tamil Nadu","Thiruvarur","2021-09-19",2021,9,0.0,"IMD GRID MODEL"
"Tamil Nadu","Thiruvarur","2021-09-20",2021,9,8.109424852,"IMD GRID MODEL"
"Tamil Nadu","Thiruvarur","2021-09-21",2021,9,13.86436108,"IMD GRID MODEL"
"Tamil Nadu","Thiruvarur","2021-09-22",2021,9,0.339880587,"IMD GRID MODEL"
"Tamil Nadu","Thiruvarur","2021-09-24",2021,9,5.675137948,"IMD GRID MODEL"
"Tamil Nadu","Thiruvarur","2021-09-25",2021,9,8.759591001,"IMD GRID MODEL"
"Tamil Nadu","Thiruvarur","2021-09-26",2021,9,0.118008792,"IMD GRID MODEL"
"Tamil Nadu","Thiruvarur","2021-09-01",2021,9,8.925431093,"IMD GRID MODEL"
"Tamil Nadu","Thiruvarur","2021-09-27",2021,9,0.000596144,"IMD GRID MODEL"
"Tamil Nadu","Thiruvarur","2021-09-28",2021,9,0.0,"IMD GRID MODEL"
"Tamil Nadu","Thiruvarur","2021-09-29",2021,9,0.0,"IMD GRID MODEL"
"Tamil Nadu","Thiruvarur","2021-09-30",2021,9,2.373299523,"IMD GRID MODEL"
"Tamil Nadu","Thiruvarur","2022-04-02",2022,4,0.0,"IMD GRID MODEL"
"Tamil Nadu","Thiruvarur","2022-04-03",2022,4,0.228320705,"IMD GRID MODEL"
"Tamil Nadu","Thiruvarur","2022-04-04",2022,4,0.015136123,"IMD GRID MODEL"
"Tamil Nadu","Thiruvarur","2022-04-05",2022,4,0.0,"IMD GRID MODEL"
"Tamil Nadu","Thiruvarur","2022-04-06",2022,4,0.0,"IMD GRID MODEL"
"Tamil Nadu","Thiruvarur","2022-04-01",2022,4,0.0,"IMD GRID MODEL"
"Tamil Nadu","Thiruvarur","2022-04-07",2022,4,0.0,"IMD GRID MODEL"
"Tamil Nadu","Thiruvarur","2022-04-08",2022,4,0.088031436,"IMD GRID MODEL"
"Tamil Nadu","Thiruvarur","2022-04-09",2022,4,0.582117729,"IMD GRID MODEL"
"Tamil Nadu","Thiruvarur","2022-04-11",2022,4,9.423572349,"IMD GRID MODEL"
"Tamil Nadu","Thiruvarur","2022-04-12",2022,4,2.722157704,"IMD GRID MODEL"
"Tamil Nadu","Thiruvarur","2022-04-13",2022,4,21.03974869,"IMD GRID MODEL"
"Tamil Nadu","Thiruvarur","2022-04-14",2022,4,54.7188653,"IMD GRID MODEL"
"Tamil Nadu","Thiruvarur","2022-04-15",2022,4,0.0,"IMD GRID MODEL"
"Tamil Nadu","Thiruvarur","2022-04-16",2022,4,0.0,"IMD GRID MODEL"
"Tamil Nadu","Thiruvarur","2022-04-17",2022,4,7.088489857,"IMD GRID MODEL"
"Tamil Nadu","Thiruvarur","2022-04-18",2022,4,0.959890478,"IMD GRID MODEL"
"Tamil Nadu","Thiruvarur","2022-04-19",2022,4,0.0,"IMD GRID MODEL"
"Tamil Nadu","Thiruvarur","2022-04-20",2022,4,0.0,"IMD GRID MODEL"
"Tamil Nadu","Thiruvarur","2022-04-21",2022,4,0.0,"IMD GRID MODEL"
"Tamil Nadu","Thiruvarur","2022-04-22",2022,4,0.0,"IMD GRID MODEL"
"Tamil Nadu","Thiruvarur","2022-04-23",2022,4,0.64052809,"IMD GRID MODEL"
"Tamil Nadu","Thiruvarur","2022-04-24",2022,4,0.679361258,"IMD GRID MODEL"
"Tamil Nadu","Thiruvarur","2022-04-25",2022,4,0.0,"IMD GRID MODEL"
"Tamil Nadu","Thiruvarur","2022-04-26",2022,4,0.0,"IMD GRID MODEL"
"Tamil Nadu","Thiruvarur","2022-04-27",2022,4,0.0,"IMD GRID MODEL"
"Tamil Nadu","Thiruvarur","2022-04-28",2022,4,0.0,"IMD GRID MODEL"
"Tamil Nadu","Thiruvarur","2022-04-29",2022,4,0.0,"IMD GRID MODEL"
"Tamil Nadu","Thiruvarur","2022-04-30",2022,4,0.0,"IMD GRID MODEL"
"Tamil Nadu","Thiruvarur","2022-04-10",2022,4,9.701755462,"IMD GRID MODEL"
"Tamil Nadu","Thiruvarur","2022-08-01",2022,8,4.7624592359,"NRSC VIC MODEL"
"Tamil Nadu","Thiruvarur","2022-08-02",2022,8,0.4138644762,"NRSC VIC MODEL"
"Tamil Nadu","Thiruvarur","2022-08-03",2022,8,5.8917568466,"NRSC VIC MODEL"
"Tamil Nadu","Thiruvarur","2022-08-04",2022,8,14.0306779181,"NRSC VIC MODEL"
"Tamil Nadu","Thiruvarur","2022-08-05",2022,8,3.8377403843,"NRSC VIC MODEL"
"Tamil Nadu","Thiruvarur","2022-08-06",2022,8,0.0,"NRSC VIC MODEL"
"Tamil Nadu","Thiruvarur","2022-08-07",2022,8,0.2074039774,"NRSC VIC MODEL"
"Tamil Nadu","Thiruvarur","2022-08-08",2022,8,0.5769003754,"NRSC VIC MODEL"
"Tamil Nadu","Thiruvarur","2022-08-09",2022,8,0.7210589883,"NRSC VIC MODEL"
"Tamil Nadu","Thiruvarur","2022-08-10",2022,8,0.1441677845,"NRSC VIC MODEL"
"Tamil Nadu","Thiruvarur","2022-08-11",2022,8,0.1868358839,"NRSC VIC MODEL"
"Tamil Nadu","Thiruvarur","2022-08-12",2022,8,0.001945513,"NRSC VIC MODEL"
"Tamil Nadu","Thiruvarur","2022-08-13",2022,8,0.0,"NRSC VIC MODEL"
"Tamil Nadu","Thiruvarur","2022-08-14",2022,8,0.0,"NRSC VIC MODEL"
"Tamil Nadu","Thiruvarur","2022-08-15",2022,8,0.0030626083,"NRSC VIC MODEL"
"Tamil Nadu","Thiruvarur","2022-08-16",2022,8,0.0,"NRSC VIC MODEL"
"Tamil Nadu","Thiruvarur","2022-08-17",2022,8,0.5251721185,"NRSC VIC MODEL"
"Tamil Nadu","Thiruvarur","2022-08-18",2022,8,0.0446183783,"NRSC VIC MODEL"
"Tamil Nadu","Thiruvarur","2022-08-19",2022,8,5.1660939144,"NRSC VIC MODEL"
"Tamil Nadu","Thiruvarur","2022-08-20",2022,8,2.0394994827,"NRSC VIC MODEL"
"Tamil Nadu","Thiruvarur","2022-08-21",2022,8,1.5989670147,"NRSC VIC MODEL"
"Tamil Nadu","Thiruvarur","2022-08-22",2022,8,3.0315616424,"NRSC VIC MODEL"
"Tamil Nadu","Thiruvarur","2022-08-23",2022,8,22.0351445224,"NRSC VIC MODEL"
"Tamil Nadu","Thiruvarur","2022-08-24",2022,8,38.4244430536,"NRSC VIC MODEL"
"Tamil Nadu","Thiruvarur","2022-08-25",2022,8,0.0432607985,"NRSC VIC MODEL"
"Tamil Nadu","Thiruvarur","2022-08-26",2022,8,2.0396122357,"NRSC VIC MODEL"
"Tamil Nadu","Thiruvarur","2022-08-27",2022,8,2.9559389074,"NRSC VIC MODEL"
"Tamil Nadu","Thiruvarur","2022-08-28",2022,8,1.3955118248,"NRSC VIC MODEL"
"Tamil Nadu","Thiruvarur","2022-08-29",2022,8,19.1274864905,"NRSC VIC MODEL"
"Tamil Nadu","Thiruvarur","2022-08-30",2022,8,8.1791462603,"NRSC VIC MODEL"
"Tamil Nadu","Thiruvarur","2022-08-31",2022,8,4.9347888549,"NRSC VIC MODEL"
"Tamil Nadu","Thiruvarur","2022-12-19",2022,12,0.0,"NRSC VIC MODEL"
"Tamil Nadu","Thiruvarur","2022-12-20",2022,12,0.8042846483,"NRSC VIC MODEL"
"Tamil Nadu","Thiruvarur","2022-12-21",2022,12,0.0650829663,"NRSC VIC MODEL"
"Tamil Nadu","Thiruvarur","2022-12-22",2022,12,2.5018753185,"NRSC VIC MODEL"
"Tamil Nadu","Thiruvarur","2022-12-23",2022,12,0.0174401694,"NRSC VIC MODEL"
"Tamil Nadu","Thiruvarur","2022-12-24",2022,12,0.0,"NRSC VIC MODEL"
"Tamil Nadu","Thiruvarur","2022-12-25",2022,12,2.4964440447,"NRSC VIC MODEL"
"Tamil Nadu","Thiruvarur","2022-12-26",2022,12,17.2896865593,"NRSC VIC MODEL"
"Tamil Nadu","Thiruvarur","2022-12-27",2022,12,1.7467110568,"NRSC VIC MODEL"
"Tamil Nadu","Thiruvarur","2022-12-28",2022,12,3.0348625754,"NRSC VIC MODEL"
"Tamil Nadu","Thiruvarur","2022-12-02",2022,12,0.9277124643,"NRSC VIC MODEL"
"Tamil Nadu","Thiruvarur","2022-12-01",2022,12,4.6621881224,"NRSC VIC MODEL"
"Tamil Nadu","Thiruvarur","2022-12-03",2022,12,1.265606727,"NRSC VIC MODEL"
"Tamil Nadu","Thiruvarur","2022-12-04",2022,12,6.6510120588,"NRSC VIC MODEL"
"Tamil Nadu","Thiruvarur","2022-12-05",2022,12,67.7679612093,"NRSC VIC MODEL"
"Tamil Nadu","Thiruvarur","2022-12-06",2022,12,0.1926010874,"NRSC VIC MODEL"
"Tamil Nadu","Thiruvarur","2022-12-07",2022,12,0.081488025,"NRSC VIC MODEL"
"Tamil Nadu","Thiruvarur","2022-12-08",2022,12,0.4087482272,"NRSC VIC MODEL"
"Tamil Nadu","Thiruvarur","2022-12-09",2022,12,11.3824634462,"NRSC VIC MODEL"
"Tamil Nadu","Thiruvarur","2022-12-10",2022,12,1.5230048396,"NRSC VIC MODEL"
"Tamil Nadu","Thiruvarur","2022-12-11",2022,12,0.0886350016,"NRSC VIC MODEL"
"Tamil Nadu","Thiruvarur","2022-12-12",2022,12,15.2720913316,"NRSC VIC MODEL"
"Tamil Nadu","Thiruvarur","2022-12-13",2022,12,9.2252442709,"NRSC VIC MODEL"
"Tamil Nadu","Thiruvarur","2022-12-14",2022,12,26.070303668,"NRSC VIC MODEL"
"Tamil Nadu","Thiruvarur","2022-12-15",2022,12,0.4738893281,"NRSC VIC MODEL"
"Tamil Nadu","Thiruvarur","2022-12-16",2022,12,0.0,"NRSC VIC MODEL"
"Tamil Nadu","Thiruvarur","2022-12-17",2022,12,0.0,"NRSC VIC MODEL"
"Tamil Nadu","Thiruvarur","2022-12-18",2022,12,0.0048729153,"NRSC VIC MODEL"
"Tamil Nadu","Thiruvarur","2022-02-07",2022,2,0.0,"IMD GRID MODEL"
"Tamil Nadu","Thiruvarur","2022-02-01",2022,2,0.0,"IMD GRID MODEL"
"Tamil Nadu","Thiruvarur","2022-02-02",2022,2,0.0,"IMD GRID MODEL"
"Tamil Nadu","Thiruvarur","2022-02-03",2022,2,0.0,"IMD GRID MODEL"
"Tamil Nadu","Thiruvarur","2022-02-04",2022,2,0.0,"IMD GRID MODEL"
"Tamil Nadu","Thiruvarur","2022-02-05",2022,2,0.0,"IMD GRID MODEL"
"Tamil Nadu","Thiruvarur","2022-02-06",2022,2,0.0,"IMD GRID MODEL"
"Tamil Nadu","Thiruvarur","2022-02-08",2022,2,0.0,"IMD GRID MODEL"
"Tamil Nadu","Thiruvarur","2022-02-10",2022,2,0.0,"IMD GRID MODEL"
"Tamil Nadu","Thiruvarur","2022-02-11",2022,2,20.74348076,"IMD GRID MODEL"
"Tamil Nadu","Thiruvarur","2022-02-12",2022,2,37.37833976,"IMD GRID MODEL"
"Tamil Nadu","Thiruvarur","2022-02-09",2022,2,0.0,"IMD GRID MODEL"
"Tamil Nadu","Thiruvarur","2022-02-14",2022,2,0.649500954,"IMD GRID MODEL"
"Tamil Nadu","Thiruvarur","2022-02-15",2022,2,0.385395921,"IMD GRID MODEL"
"Tamil Nadu","Thiruvarur","2022-02-16",2022,2,0.0,"IMD GRID MODEL"
"Tamil Nadu","Thiruvarur","2022-02-13",2022,2,16.05855681,"IMD GRID MODEL"
"Tamil Nadu","Thiruvarur","2022-02-17",2022,2,0.0,"IMD GRID MODEL"
"Tamil Nadu","Thiruvarur","2022-02-18",2022,2,0.0,"IMD GRID MODEL"
"Tamil Nadu","Thiruvarur","2022-02-19",2022,2,1.698386361,"IMD GRID MODEL"
"Tamil Nadu","Thiruvarur","2022-02-20",2022,2,0.0,"IMD GRID MODEL"
"Tamil Nadu","Thiruvarur","2022-02-21",2022,2,0.0,"IMD GRID MODEL"
"Tamil Nadu","Thiruvarur","2022-02-22",2022,2,0.0,"IMD GRID MODEL"
"Tamil Nadu","Thiruvarur","2022-02-23",2022,2,0.0,"IMD GRID MODEL"
"Tamil Nadu","Thiruvarur","2022-02-24",2022,2,0.0,"IMD GRID MODEL"
"Tamil Nadu","Thiruvarur","2022-02-25",2022,2,0.0,"IMD GRID MODEL"
"Tamil Nadu","Thiruvarur","2022-02-26",2022,2,0.0,"IMD GRID MODEL"
"Tamil Nadu","Thiruvarur","2022-02-27",2022,2,0.202014366,"IMD GRID MODEL"
"Tamil Nadu","Thiruvarur","2022-02-28",2022,2,0.0,"IMD GRID MODEL"
"Tamil Nadu","Thiruvarur","2022-01-12",2022,1,0.696062055,"IMD GRID MODEL"
"Tamil Nadu","Thiruvarur","2022-01-05",2022,1,0.0,"IMD GRID MODEL"
"Tamil Nadu","Thiruvarur","2022-01-31",2022,1,0.915843633,"IMD GRID MODEL"
"Tamil Nadu","Thiruvarur","2022-01-01",2022,1,29.84131854,"IMD GRID MODEL"
"Tamil Nadu","Thiruvarur","2022-01-02",2022,1,60.46635877,"IMD GRID MODEL"
"Tamil Nadu","Thiruvarur","2022-01-03",2022,1,0.968056192,"IMD GRID MODEL"
"Tamil Nadu","Thiruvarur","2022-01-04",2022,1,0.0,"IMD GRID MODEL"
"Tamil Nadu","Thiruvarur","2022-01-06",2022,1,0.0,"IMD GRID MODEL"
"Tamil Nadu","Thiruvarur","2022-01-07",2022,1,0.0,"IMD GRID MODEL"
"Tamil Nadu","Thiruvarur","2022-01-08",2022,1,0.0,"IMD GRID MODEL"
"Tamil Nadu","Thiruvarur","2022-01-09",2022,1,0.0,"IMD GRID MODEL"
"Tamil Nadu","Thiruvarur","2022-01-10",2022,1,0.0,"IMD GRID MODEL"
"Tamil Nadu","Thiruvarur","2022-01-11",2022,1,0.007085422,"IMD GRID MODEL"
"Tamil Nadu","Thiruvarur","2022-01-13",2022,1,0.044710777,"IMD GRID MODEL"
"Tamil Nadu","Thiruvarur","2022-01-14",2022,1,0.0,"IMD GRID MODEL"
"Tamil Nadu","Thiruvarur","2022-01-15",2022,1,0.0,"IMD GRID MODEL"
"Tamil Nadu","Thiruvarur","2022-01-16",2022,1,0.073968672,"IMD GRID MODEL"
"Tamil Nadu","Thiruvarur","2022-01-18",2022,1,4.027867237,"IMD GRID MODEL"
"Tamil Nadu","Thiruvarur","2022-01-19",2022,1,0.0,"IMD GRID MODEL"
"Tamil Nadu","Thiruvarur","2022-01-20",2022,1,0.0,"IMD GRID MODEL"
"Tamil Nadu","Thiruvarur","2022-01-17",2022,1,9.377872116,"IMD GRID MODEL"
"Tamil Nadu","Thiruvarur","2022-01-21",2022,1,0.0,"IMD GRID MODEL"
"Tamil Nadu","Thiruvarur","2022-01-22",2022,1,0.0,"IMD GRID MODEL"
"Tamil Nadu","Thiruvarur","2022-01-23",2022,1,0.0,"IMD GRID MODEL"
"Tamil Nadu","Thiruvarur","2022-01-24",2022,1,0.0,"IMD GRID MODEL"
"Tamil Nadu","Thiruvarur","2022-01-25",2022,1,0.0,"IMD GRID MODEL"
"Tamil Nadu","Thiruvarur","2022-01-26",2022,1,0.0,"IMD GRID MODEL"
"Tamil Nadu","Thiruvarur","2022-01-27",2022,1,0.0,"IMD GRID MODEL"
"Tamil Nadu","Thiruvarur","2022-01-28",2022,1,1.297187906,"IMD GRID MODEL"
"Tamil Nadu","Thiruvarur","2022-01-29",2022,1,0.812175822,"IMD GRID MODEL"
"Tamil Nadu","Thiruvarur","2022-01-30",2022,1,6.44155178,"IMD GRID MODEL"
"Tamil Nadu","Thiruvarur","2022-07-02",2022,7,0.183148293,"IMD GRID MODEL"
"Tamil Nadu","Thiruvarur","2022-07-03",2022,7,2.436594985,"IMD GRID MODEL"
"Tamil Nadu","Thiruvarur","2022-07-04",2022,7,0.0,"IMD GRID MODEL"
"Tamil Nadu","Thiruvarur","2022-07-06",2022,7,0.0,"IMD GRID MODEL"
"Tamil Nadu","Thiruvarur","2022-07-07",2022,7,0.0,"IMD GRID MODEL"
"Tamil Nadu","Thiruvarur","2022-07-08",2022,7,0.0,"IMD GRID MODEL"
"Tamil Nadu","Thiruvarur","2022-07-09",2022,7,0.0,"IMD GRID MODEL"
"Tamil Nadu","Thiruvarur","2022-07-10",2022,7,0.0,"IMD GRID MODEL"
"Tamil Nadu","Thiruvarur","2022-07-11",2022,7,0.0,"IMD GRID MODEL"
"Tamil Nadu","Thiruvarur","2022-07-12",2022,7,0.0,"IMD GRID MODEL"
"Tamil Nadu","Thiruvarur","2022-07-13",2022,7,0.0,"IMD GRID MODEL"
"Tamil Nadu","Thiruvarur","2022-07-14",2022,7,0.0,"IMD GRID MODEL"
"Tamil Nadu","Thiruvarur","2022-07-15",2022,7,0.0,"IMD GRID MODEL"
"Tamil Nadu","Thiruvarur","2022-07-16",2022,7,0.0,"IMD GRID MODEL"
"Tamil Nadu","Thiruvarur","2022-07-17",2022,7,0.562992605,"IMD GRID MODEL"
"Tamil Nadu","Thiruvarur","2022-07-18",2022,7,0.0,"IMD GRID MODEL"
"Tamil Nadu","Thiruvarur","2022-07-19",2022,7,0.045903064,"IMD GRID MODEL"
"Tamil Nadu","Thiruvarur","2022-07-20",2022,7,1.812711268,"IMD GRID MODEL"
"Tamil Nadu","Thiruvarur","2022-07-21",2022,7,0.784815711,"IMD GRID MODEL"
"Tamil Nadu","Thiruvarur","2022-07-22",2022,7,17.58973372,"IMD GRID MODEL"
"Tamil Nadu","Thiruvarur","2022-07-23",2022,7,17.8535612,"IMD GRID MODEL"
"Tamil Nadu","Thiruvarur","2022-07-24",2022,7,8.648801677,"IMD GRID MODEL"
"Tamil Nadu","Thiruvarur","2022-07-25",2022,7,0.0,"IMD GRID MODEL"
"Tamil Nadu","Thiruvarur","2022-07-26",2022,7,9.801580995,"IMD GRID MODEL"
"Tamil Nadu","Thiruvarur","2022-07-27",2022,7,27.60906305,"IMD GRID MODEL"
"Tamil Nadu","Thiruvarur","2022-07-29",2022,7,3.267165865,"IMD GRID MODEL"
"Tamil Nadu","Thiruvarur","2022-07-01",2022,7,4.607899373,"IMD GRID MODEL"
"Tamil Nadu","Thiruvarur","2022-07-05",2022,7,0.0,"IMD GRID MODEL"
"Tamil Nadu","Thiruvarur","2022-07-28",2022,7,1.614047974,"IMD GRID MODEL"
"Tamil Nadu","Thiruvarur","2022-06-01",2022,6,0.0,"IMD GRID MODEL"
"Tamil Nadu","Thiruvarur","2022-06-02",2022,6,0.0,"IMD GRID MODEL"
"Tamil Nadu","Thiruvarur","2022-06-03",2022,6,0.0,"IMD GRID MODEL"
"Tamil Nadu","Thiruvarur","2022-06-04",2022,6,0.0,"IMD GRID MODEL"
"Tamil Nadu","Thiruvarur","2022-06-05",2022,6,0.0,"IMD GRID MODEL"
"Tamil Nadu","Thiruvarur","2022-06-06",2022,6,0.271570213,"IMD GRID MODEL"
"Tamil Nadu","Thiruvarur","2022-06-07",2022,6,0.507215554,"IMD GRID MODEL"
"Tamil Nadu","Thiruvarur","2022-06-08",2022,6,0.0,"IMD GRID MODEL"
"Tamil Nadu","Thiruvarur","2022-06-09",2022,6,0.0,"IMD GRID MODEL"
"Tamil Nadu","Thiruvarur","2022-06-11",2022,6,0.0,"IMD GRID MODEL"
"Tamil Nadu","Thiruvarur","2022-06-12",2022,6,0.0,"IMD GRID MODEL"
"Tamil Nadu","Thiruvarur","2022-06-13",2022,6,0.0,"IMD GRID MODEL"
"Tamil Nadu","Thiruvarur","2022-06-14",2022,6,0.0,"IMD GRID MODEL"
"Tamil Nadu","Thiruvarur","2022-06-17",2022,6,2.330950609,"IMD GRID MODEL"
"Tamil Nadu","Thiruvarur","2022-06-18",2022,6,0.038806918,"IMD GRID MODEL"
"Tamil Nadu","Thiruvarur","2022-06-19",2022,6,2.166894229,"IMD GRID MODEL"
"Tamil Nadu","Thiruvarur","2022-06-20",2022,6,0.0,"IMD GRID MODEL"
"Tamil Nadu","Thiruvarur","2022-06-21",2022,6,0.073968672,"IMD GRID MODEL"
"Tamil Nadu","Thiruvarur","2022-06-22",2022,6,1.075259022,"IMD GRID MODEL"
"Tamil Nadu","Thiruvarur","2022-06-23",2022,6,0.028018753,"IMD GRID MODEL"
"Tamil Nadu","Thiruvarur","2022-06-24",2022,6,0.0,"IMD GRID MODEL"
"Tamil Nadu","Thiruvarur","2022-06-25",2022,6,0.0,"IMD GRID MODEL"
"Tamil Nadu","Thiruvarur","2022-06-10",2022,6,0.0,"IMD GRID MODEL"
"Tamil Nadu","Thiruvarur","2022-06-27",2022,6,0.0,"IMD GRID MODEL"
"Tamil Nadu","Thiruvarur","2022-06-28",2022,6,0.0,"IMD GRID MODEL"
"Tamil Nadu","Thiruvarur","2022-06-29",2022,6,0.0,"IMD GRID MODEL"
"Tamil Nadu","Thiruvarur","2022-06-30",2022,6,0.006557581,"IMD GRID MODEL"
"Tamil Nadu","Thiruvarur","2022-06-26",2022,6,0.0,"IMD GRID MODEL"
"Tamil Nadu","Thiruvarur","2022-06-15",2022,6,0.0,"IMD GRID MODEL"
"Tamil Nadu","Thiruvarur","2022-06-16",2022,6,2.998749709,"IMD GRID MODEL"
"Tamil Nadu","Thiruvarur","2022-03-09",2022,3,0.0,"IMD GRID MODEL"
"Tamil Nadu","Thiruvarur","2022-03-10",2022,3,0.0,"IMD GRID MODEL"
"Tamil Nadu","Thiruvarur","2022-03-11",2022,3,0.0,"IMD GRID MODEL"
"Tamil Nadu","Thiruvarur","2022-03-12",2022,3,0.0,"IMD GRID MODEL"
"Tamil Nadu","Thiruvarur","2022-03-13",2022,3,0.0,"IMD GRID MODEL"
"Tamil Nadu","Thiruvarur","2022-03-14",2022,3,0.0,"IMD GRID MODEL"
"Tamil Nadu","Thiruvarur","2022-03-15",2022,3,0.0,"IMD GRID MODEL"
"Tamil Nadu","Thiruvarur","2022-03-16",2022,3,0.0,"IMD GRID MODEL"
"Tamil Nadu","Thiruvarur","2022-03-18",2022,3,0.0,"IMD GRID MODEL"
"Tamil Nadu","Thiruvarur","2022-03-19",2022,3,0.0,"IMD GRID MODEL"
"Tamil Nadu","Thiruvarur","2022-03-20",2022,3,0.0,"IMD GRID MODEL"
"Tamil Nadu","Thiruvarur","2022-03-21",2022,3,0.0,"IMD GRID MODEL"
"Tamil Nadu","Thiruvarur","2022-03-23",2022,3,0.0,"IMD GRID MODEL"
"Tamil Nadu","Thiruvarur","2022-03-24",2022,3,0.0,"IMD GRID MODEL"
"Tamil Nadu","Thiruvarur","2022-03-25",2022,3,1.217660134,"IMD GRID MODEL"
"Tamil Nadu","Thiruvarur","2022-03-22",2022,3,0.0,"IMD GRID MODEL"
"Tamil Nadu","Thiruvarur","2022-03-26",2022,3,0.300488286,"IMD GRID MODEL"
"Tamil Nadu","Thiruvarur","2022-03-27",2022,3,0.057627602,"IMD GRID MODEL"
"Tamil Nadu","Thiruvarur","2022-03-28",2022,3,0.0,"IMD GRID MODEL"
"Tamil Nadu","Thiruvarur","2022-03-29",2022,3,0.0,"IMD GRID MODEL"
"Tamil Nadu","Thiruvarur","2022-03-30",2022,3,0.0,"IMD GRID MODEL"
"Tamil Nadu","Thiruvarur","2022-03-31",2022,3,0.0,"IMD GRID MODEL"
"Tamil Nadu","Thiruvarur","2022-03-08",2022,3,0.204176387,"IMD GRID MODEL"
"Tamil Nadu","Thiruvarur","2022-03-17",2022,3,0.0,"IMD GRID MODEL"
"Tamil Nadu","Thiruvarur","2022-03-03",2022,3,0.0,"IMD GRID MODEL"
"Tamil Nadu","Thiruvarur","2022-03-01",2022,3,0.0,"IMD GRID MODEL"
"Tamil Nadu","Thiruvarur","2022-03-02",2022,3,0.0,"IMD GRID MODEL"
"Tamil Nadu","Thiruvarur","2022-03-04",2022,3,0.195999399,"IMD GRID MODEL"
"Tamil Nadu","Thiruvarur","2022-03-05",2022,3,5.394858792,"IMD GRID MODEL"
"Tamil Nadu","Thiruvarur","2022-03-06",2022,3,0.007085422,"IMD GRID MODEL"
"Tamil Nadu","Thiruvarur","2022-03-07",2022,3,18.55315264,"IMD GRID MODEL"
"Tamil Nadu","Thiruvarur","2022-05-01",2022,5,0.0,"IMD GRID MODEL"
"Tamil Nadu","Thiruvarur","2022-05-02",2022,5,0.0,"IMD GRID MODEL"
"Tamil Nadu","Thiruvarur","2022-05-03",2022,5,0.0,"IMD GRID MODEL"
"Tamil Nadu","Thiruvarur","2022-05-04",2022,5,0.0,"IMD GRID MODEL"
"Tamil Nadu","Thiruvarur","2022-05-05",2022,5,4.146180644,"IMD GRID MODEL"
"Tamil Nadu","Thiruvarur","2022-05-06",2022,5,0.0,"IMD GRID MODEL"
"Tamil Nadu","Thiruvarur","2022-05-08",2022,5,0.0,"IMD GRID MODEL"
"Tamil Nadu","Thiruvarur","2022-05-09",2022,5,0.0,"IMD GRID MODEL"
"Tamil Nadu","Thiruvarur","2022-05-10",2022,5,3.262017728,"IMD GRID MODEL"
"Tamil Nadu","Thiruvarur","2022-05-11",2022,5,0.0,"IMD GRID MODEL"
"Tamil Nadu","Thiruvarur","2022-05-12",2022,5,0.0,"IMD GRID MODEL"
"Tamil Nadu","Thiruvarur","2022-05-13",2022,5,0.865322535,"IMD GRID MODEL"
"Tamil Nadu","Thiruvarur","2022-05-14",2022,5,0.0,"IMD GRID MODEL"
"Tamil Nadu","Thiruvarur","2022-05-15",2022,5,6.328014669,"IMD GRID MODEL"
"Tamil Nadu","Thiruvarur","2022-05-16",2022,5,5.959998611,"IMD GRID MODEL"
"Tamil Nadu","Thiruvarur","2022-05-17",2022,5,2.444297389,"IMD GRID MODEL"
"Tamil Nadu","Thiruvarur","2022-05-19",2022,5,4.022085109,"IMD GRID MODEL"
"Tamil Nadu","Thiruvarur","2022-05-20",2022,5,0.0,"IMD GRID MODEL"
"Tamil Nadu","Thiruvarur","2022-05-21",2022,5,0.160919502,"IMD GRID MODEL"
"Tamil Nadu","Thiruvarur","2022-05-23",2022,5,0.0,"IMD GRID MODEL"
"Tamil Nadu","Thiruvarur","2022-05-24",2022,5,0.0,"IMD GRID MODEL"
"Tamil Nadu","Thiruvarur","2022-05-25",2022,5,0.0,"IMD GRID MODEL"
"Tamil Nadu","Thiruvarur","2022-05-26",2022,5,0.0,"IMD GRID MODEL"
"Tamil Nadu","Thiruvarur","2022-05-27",2022,5,0.0,"IMD GRID MODEL"
"Tamil Nadu","Thiruvarur","2022-05-28",2022,5,0.35299623,"IMD GRID MODEL"
"Tamil Nadu","Thiruvarur","2022-05-30",2022,5,0.0,"IMD GRID MODEL"
"Tamil Nadu","Thiruvarur","2022-05-31",2022,5,0.0,"IMD GRID MODEL"
"Tamil Nadu","Thiruvarur","2022-05-22",2022,5,2.519866522,"IMD GRID MODEL"
"Tamil Nadu","Thiruvarur","2022-05-07",2022,5,3.384469791,"IMD GRID MODEL"
"Tamil Nadu","Thiruvarur","2022-05-18",2022,5,0.0,"IMD GRID MODEL"
"Tamil Nadu","Thiruvarur","2022-05-29",2022,5,0.0,"IMD GRID MODEL"
"Tamil Nadu","Thiruvarur","2022-11-01",2022,11,16.3875551495,"NRSC VIC MODEL"
"Tamil Nadu","Thiruvarur","2022-11-02",2022,11,3.751571173,"NRSC VIC MODEL"
"Tamil Nadu","Thiruvarur","2022-11-03",2022,11,24.9690127647,"NRSC VIC MODEL"
"Tamil Nadu","Thiruvarur","2022-11-04",2022,11,19.9266465707,"NRSC VIC MODEL"
"Tamil Nadu","Thiruvarur","2022-11-05",2022,11,18.323468032,"NRSC VIC MODEL"
"Tamil Nadu","Thiruvarur","2022-11-06",2022,11,3.0052536433,"NRSC VIC MODEL"
"Tamil Nadu","Thiruvarur","2022-11-07",2022,11,19.8296790449,"NRSC VIC MODEL"
"Tamil Nadu","Thiruvarur","2022-11-08",2022,11,2.2986756828,"NRSC VIC MODEL"
"Tamil Nadu","Thiruvarur","2022-11-09",2022,11,27.1130396623,"NRSC VIC MODEL"
"Tamil Nadu","Thiruvarur","2022-11-10",2022,11,0.3996130833,"NRSC VIC MODEL"
"Tamil Nadu","Thiruvarur","2022-11-11",2022,11,23.7045882221,"NRSC VIC MODEL"
"Tamil Nadu","Thiruvarur","2022-11-12",2022,11,6.9203859249,"NRSC VIC MODEL"
"Tamil Nadu","Thiruvarur","2022-11-13",2022,11,0.3782342092,"NRSC VIC MODEL"
"Tamil Nadu","Thiruvarur","2022-10-01",2022,10,0.0,"IMD GRID MODEL"
"Tamil Nadu","Thiruvarur","2022-10-02",2022,10,0.0,"IMD GRID MODEL"
"Tamil Nadu","Thiruvarur","2022-10-03",2022,10,0.0,"IMD GRID MODEL"
"Tamil Nadu","Thiruvarur","2022-10-04",2022,10,0.0,"IMD GRID MODEL"
"Tamil Nadu","Thiruvarur","2022-10-05",2022,10,1.535975044,"IMD GRID MODEL"
"Tamil Nadu","Thiruvarur","2022-10-06",2022,10,4.86119885,"IMD GRID MODEL"
"Tamil Nadu","Thiruvarur","2022-10-07",2022,10,0.0,"IMD GRID MODEL"
"Tamil Nadu","Thiruvarur","2022-10-08",2022,10,0.322381562,"IMD GRID MODEL"
"Tamil Nadu","Thiruvarur","2022-10-09",2022,10,2.57012585,"IMD GRID MODEL"
"Tamil Nadu","Thiruvarur","2022-10-10",2022,10,29.01592602,"IMD GRID MODEL"
"Tamil Nadu","Thiruvarur","2022-10-11",2022,10,0.649594172,"IMD GRID MODEL"
"Tamil Nadu","Thiruvarur","2022-10-12",2022,10,1.638338223,"IMD GRID MODEL"
"Tamil Nadu","Thiruvarur","2022-10-13",2022,10,2.753392595,"IMD GRID MODEL"
"Tamil Nadu","Thiruvarur","2022-09-02",2022,9,6.7668944359,"NRSC VIC MODEL"
"Tamil Nadu","Thiruvarur","2022-09-03",2022,9,2.2916239437,"NRSC VIC MODEL"
"Tamil Nadu","Thiruvarur","2022-09-04",2022,9,0.0268021079,"NRSC VIC MODEL"
"Tamil Nadu","Thiruvarur","2022-09-01",2022,9,16.7025419248,"NRSC VIC MODEL"
"Tamil Nadu","Thiruvarur","2022-09-05",2022,9,1.7744368234,"NRSC VIC MODEL"
"Tamil Nadu","Thiruvarur","2022-09-06",2022,9,8.1037767799,"NRSC VIC MODEL"
"Tamil Nadu","Thiruvarur","2022-09-07",2022,9,2.548898487,"NRSC VIC MODEL"
"Tamil Nadu","Thiruvarur","2022-09-08",2022,9,8.2698301814,"NRSC VIC MODEL"
"Tamil Nadu","Thiruvarur","2022-09-09",2022,9,0.0857154011,"NRSC VIC MODEL"
"Tamil Nadu","Thiruvarur","2022-09-10",2022,9,0.0,"NRSC VIC MODEL"
"Tamil Nadu","Thiruvarur","2022-09-11",2022,9,0.0411567372,"NRSC VIC MODEL"
"Tamil Nadu","Thiruvarur","2022-09-12",2022,9,0.0028609074,"NRSC VIC MODEL"
"Tamil Nadu","Thiruvarur","2022-09-13",2022,9,0.0,"NRSC VIC MODEL"
"Tamil Nadu","Thiruvarur","2022-09-14",2022,9,0.0,"NRSC VIC MODEL"
"Tamil Nadu","Thiruvarur","2022-09-15",2022,9,3.66866e-05,"NRSC VIC MODEL"
"Tamil Nadu","Thiruvarur","2022-09-16",2022,9,0.0002648688,"NRSC VIC MODEL"
"Tamil Nadu","Thiruvarur","2022-09-17",2022,9,0.0,"NRSC VIC MODEL"
"Tamil Nadu","Thiruvarur","2022-09-18",2022,9,0.0153995157,"NRSC VIC MODEL"
"Tamil Nadu","Thiruvarur","2022-09-19",2022,9,0.066895303,"NRSC VIC MODEL"
"Tamil Nadu","Thiruvarur","2022-09-20",2022,9,0.2594841662,"NRSC VIC MODEL"
"Tamil Nadu","Thiruvarur","2022-09-21",2022,9,0.0004390173,"NRSC VIC MODEL"
"Tamil Nadu","Thiruvarur","2022-09-22",2022,9,0.0,"NRSC VIC MODEL"
"Tamil Nadu","Thiruvarur","2022-09-23",2022,9,0.0,"NRSC VIC MODEL"
"Tamil Nadu","Thiruvarur","2022-09-24",2022,9,0.0027079161,"NRSC VIC MODEL"
"Tamil Nadu","Thiruvarur","2022-09-25",2022,9,3.9695427831,"NRSC VIC MODEL"
"Tamil Nadu","Thiruvarur","2022-09-26",2022,9,35.960634457,"NRSC VIC MODEL"
"Tamil Nadu","Thiruvarur","2022-09-27",2022,9,20.272431646,"NRSC VIC MODEL"
"Tamil Nadu","Thiruvarur","2023-04-01",2023,4,0.0,"IMD GRID MODEL"
"Tamil Nadu","Thiruvarur","2023-04-02",2023,4,1.5165640028,"IMD GRID MODEL"
"Tamil Nadu","Thiruvarur","2023-04-03",2023,4,2.0278692452,"IMD GRID MODEL"
"Tamil Nadu","Thiruvarur","2023-04-04",2023,4,6.1034192215,"IMD GRID MODEL"
"Tamil Nadu","Thiruvarur","2023-04-05",2023,4,1.4917201398,"IMD GRID MODEL"
"Tamil Nadu","Thiruvarur","2023-04-06",2023,4,0.0,"IMD GRID MODEL"
"Tamil Nadu","Thiruvarur","2023-04-07",2023,4,0.0,"IMD GRID MODEL"
"Tamil Nadu","Thiruvarur","2023-04-08",2023,4,0.0,"IMD GRID MODEL"
"Tamil Nadu","Thiruvarur","2023-04-09",2023,4,0.0,"IMD GRID MODEL"
"Tamil Nadu","Thiruvarur","2023-04-10",2023,4,0.3867119225,"IMD GRID MODEL"
"Tamil Nadu","Thiruvarur","2023-04-11",2023,4,0.0,"IMD GRID MODEL"
"Tamil Nadu","Thiruvarur","2023-04-12",2023,4,0.0,"IMD GRID MODEL"
"Tamil Nadu","Thiruvarur","2023-04-13",2023,4,0.0,"IMD GRID MODEL"
"Tamil Nadu","Thiruvarur","2023-04-14",2023,4,0.0,"IMD GRID MODEL"
"Tamil Nadu","Thiruvarur","2023-04-15",2023,4,0.0,"IMD GRID MODEL"
"Tamil Nadu","Thiruvarur","2023-04-16",2023,4,0.0,"IMD GRID MODEL"
"Tamil Nadu","Thiruvarur","2023-04-17",2023,4,0.0,"IMD GRID MODEL"
"Tamil Nadu","Thiruvarur","2023-04-18",2023,4,0.0,"IMD GRID MODEL"
"Tamil Nadu","Thiruvarur","2023-04-19",2023,4,0.0,"IMD GRID MODEL"
"Tamil Nadu","Thiruvarur","2023-04-20",2023,4,0.0,"IMD GRID MODEL"
"Tamil Nadu","Thiruvarur","2023-04-21",2023,4,0.0,"IMD GRID MODEL"
"Tamil Nadu","Thiruvarur","2023-04-22",2023,4,0.2953867946,"IMD GRID MODEL"
"Tamil Nadu","Thiruvarur","2023-04-23",2023,4,6.6249071255,"IMD GRID MODEL"
"Tamil Nadu","Thiruvarur","2023-04-24",2023,4,2.5712723935,"IMD GRID MODEL"
"Tamil Nadu","Thiruvarur","2023-04-25",2023,4,0.0137113048,"IMD GRID MODEL"
"Tamil Nadu","Thiruvarur","2023-04-26",2023,4,3.3310725067,"IMD GRID MODEL"
"Tamil Nadu","Thiruvarur","2023-04-27",2023,4,1.9306886758,"IMD GRID MODEL"
"Tamil Nadu","Thiruvarur","2023-04-28",2023,4,1.5384075761,"IMD GRID MODEL"
"Tamil Nadu","Thiruvarur","2023-04-29",2023,4,1.1392760031,"IMD GRID MODEL"
"Tamil Nadu","Thiruvarur","2023-04-30",2023,4,1.4717637729,"IMD GRID MODEL"
"Tamil Nadu","Thiruvarur","2023-08-01",2023,8,0.0,"NRSC VIC MODEL"
"Tamil Nadu","Thiruvarur","2023-08-02",2023,8,0.0,"NRSC VIC MODEL"
"Tamil Nadu","Thiruvarur","2023-08-03",2023,8,0.0,"NRSC VIC MODEL"
"Tamil Nadu","Thiruvarur","2023-08-04",2023,8,0.0,"NRSC VIC MODEL"
"Tamil Nadu","Thiruvarur","2023-08-05",2023,8,0.0008713928,"NRSC VIC MODEL"
"Tamil Nadu","Thiruvarur","2023-08-06",2023,8,0.010374662,"NRSC VIC MODEL"
"Tamil Nadu","Thiruvarur","2023-08-07",2023,8,0.0852374858,"NRSC VIC MODEL"
"Tamil Nadu","Thiruvarur","2023-08-08",2023,8,0.0341510332,"NRSC VIC MODEL"
"Tamil Nadu","Thiruvarur","2023-08-09",2023,8,1.2188144876,"NRSC VIC MODEL"
"Tamil Nadu","Thiruvarur","2023-08-10",2023,8,12.6000665398,"NRSC VIC MODEL"
"Tamil Nadu","Thiruvarur","2023-08-11",2023,8,3.7034079423,"NRSC VIC MODEL"
"Tamil Nadu","Thiruvarur","2023-08-12",2023,8,18.1042103963,"NRSC VIC MODEL"
"Tamil Nadu","Thiruvarur","2023-08-13",2023,8,9.2312238749,"NRSC VIC MODEL"
"Tamil Nadu","Thiruvarur","2023-08-14",2023,8,4.4762285534,"NRSC VIC MODEL"
"Tamil Nadu","Thiruvarur","2023-08-15",2023,8,1.1620948786,"NRSC VIC MODEL"
"Tamil Nadu","Thiruvarur","2023-08-16",2023,8,0.6299624222,"NRSC VIC MODEL"
"Tamil Nadu","Thiruvarur","2023-08-17",2023,8,0.0,"NRSC VIC MODEL"
"Tamil Nadu","Thiruvarur","2023-08-18",2023,8,0.0,"NRSC VIC MODEL"
"Tamil Nadu","Thiruvarur","2023-08-19",2023,8,0.0,"NRSC VIC MODEL"
"Tamil Nadu","Thiruvarur","2023-08-20",2023,8,0.0,"NRSC VIC MODEL"
"Tamil Nadu","Thiruvarur","2023-08-21",2023,8,0.0,"NRSC VIC MODEL"
"Tamil Nadu","Thiruvarur","2023-08-22",2023,8,0.2671233169,"NRSC VIC MODEL"
"Tamil Nadu","Thiruvarur","2023-08-23",2023,8,2.1785587826,"NRSC VIC MODEL"
"Tamil Nadu","Thiruvarur","2023-08-24",2023,8,0.2139244124,"NRSC VIC MODEL"
"Tamil Nadu","Thiruvarur","2023-08-25",2023,8,0.0,"NRSC VIC MODEL"
"Tamil Nadu","Thiruvarur","2023-08-26",2023,8,0.0,"NRSC VIC MODEL"
"Tamil Nadu","Thiruvarur","2023-08-27",2023,8,0.0002659239,"NRSC VIC MODEL"
"Tamil Nadu","Thiruvarur","2023-08-28",2023,8,0.0089567604,"NRSC VIC MODEL"
"Tamil Nadu","Thiruvarur","2023-08-29",2023,8,0.0288305446,"NRSC VIC MODEL"
"Tamil Nadu","Thiruvarur","2023-08-30",2023,8,8.4866571567,"NRSC VIC MODEL"
"Tamil Nadu","Thiruvarur","2023-08-31",2023,8,0.4299908113,"NRSC VIC MODEL"
"Tamil Nadu","Thiruvarur","2023-02-01",2023,2,1.8129960537,"IMD GRID MODEL"
"Tamil Nadu","Thiruvarur","2023-02-02",2023,2,15.0746730803,"IMD GRID MODEL"
"Tamil Nadu","Thiruvarur","2023-02-03",2023,2,44.6759349665,"IMD GRID MODEL"
"Tamil Nadu","Thiruvarur","2023-02-04",2023,2,18.6311342504,"IMD GRID MODEL"
"Tamil Nadu","Thiruvarur","2023-02-05",2023,2,1.0712399896,"IMD GRID MODEL"
"Tamil Nadu","Thiruvarur","2023-02-06",2023,2,0.0,"IMD GRID MODEL"
"Tamil Nadu","Thiruvarur","2023-02-07",2023,2,0.0,"IMD GRID MODEL"
"Tamil Nadu","Thiruvarur","2023-02-08",2023,2,0.0,"IMD GRID MODEL"
"Tamil Nadu","Thiruvarur","2023-02-09",2023,2,0.0,"IMD GRID MODEL"
"Tamil Nadu","Thiruvarur","2023-02-10",2023,2,0.0,"IMD GRID MODEL"
"Tamil Nadu","Thiruvarur","2023-02-11",2023,2,0.0,"IMD GRID MODEL"
"Tamil Nadu","Thiruvarur","2023-02-12",2023,2,0.0,"IMD GRID MODEL"
"Tamil Nadu","Thiruvarur","2023-02-13",2023,2,0.0,"IMD GRID MODEL"
"Tamil Nadu","Thiruvarur","2023-02-14",2023,2,0.0,"IMD GRID MODEL"
"Tamil Nadu","Thiruvarur","2023-02-15",2023,2,0.0,"IMD GRID MODEL"
"Tamil Nadu","Thiruvarur","2023-02-16",2023,2,0.0,"IMD GRID MODEL"
"Tamil Nadu","Thiruvarur","2023-02-17",2023,2,0.0,"IMD GRID MODEL"
"Tamil Nadu","Thiruvarur","2023-02-18",2023,2,0.0,"IMD GRID MODEL"
"Tamil Nadu","Thiruvarur","2023-02-19",2023,2,0.0,"IMD GRID MODEL"
"Tamil Nadu","Thiruvarur","2023-02-20",2023,2,0.0,"IMD GRID MODEL"
"Tamil Nadu","Thiruvarur","2023-02-21",2023,2,0.0,"IMD GRID MODEL"
"Tamil Nadu","Thiruvarur","2023-02-22",2023,2,0.0,"IMD GRID MODEL"
"Tamil Nadu","Thiruvarur","2023-02-23",2023,2,0.0,"IMD GRID MODEL"
"Tamil Nadu","Thiruvarur","2023-02-24",2023,2,0.0,"IMD GRID MODEL"
"Tamil Nadu","Thiruvarur","2023-02-26",2023,2,0.0,"IMD GRID MODEL"
"Tamil Nadu","Thiruvarur","2023-02-25",2023,2,0.0,"IMD GRID MODEL"
"Tamil Nadu","Thiruvarur","2023-02-27",2023,2,0.0,"IMD GRID MODEL"
"Tamil Nadu","Thiruvarur","2023-02-28",2023,2,0.1069256918,"IMD GRID MODEL"
"Tamil Nadu","Thiruvarur","2023-01-01",2023,1,0.0,"IMD GRID MODEL"
"Tamil Nadu","Thiruvarur","2023-01-02",2023,1,0.0,"IMD GRID MODEL"
"Tamil Nadu","Thiruvarur","2023-01-03",2023,1,0.0,"IMD GRID MODEL"
"Tamil Nadu","Thiruvarur","2023-01-04",2023,1,0.0,"IMD GRID MODEL"
"Tamil Nadu","Thiruvarur","2023-01-05",2023,1,0.0,"IMD GRID MODEL"
"Tamil Nadu","Thiruvarur","2023-01-06",2023,1,0.3323363828,"IMD GRID MODEL"
"Tamil Nadu","Thiruvarur","2023-01-07",2023,1,0.0,"IMD GRID MODEL"
"Tamil Nadu","Thiruvarur","2023-01-08",2023,1,0.3463891003,"IMD GRID MODEL"
"Tamil Nadu","Thiruvarur","2023-01-09",2023,1,0.0888435931,"IMD GRID MODEL"
"Tamil Nadu","Thiruvarur","2023-01-10",2023,1,0.0,"IMD GRID MODEL"
"Tamil Nadu","Thiruvarur","2023-01-11",2023,1,0.0,"IMD GRID MODEL"
"Tamil Nadu","Thiruvarur","2023-01-12",2023,1,0.0,"IMD GRID MODEL"
"Tamil Nadu","Thiruvarur","2023-01-13",2023,1,0.0,"IMD GRID MODEL"
"Tamil Nadu","Thiruvarur","2023-01-14",2023,1,0.0,"IMD GRID MODEL"
"Tamil Nadu","Thiruvarur","2023-01-16",2023,1,0.0,"IMD GRID MODEL"
"Tamil Nadu","Thiruvarur","2023-01-17",2023,1,0.0,"IMD GRID MODEL"
"Tamil Nadu","Thiruvarur","2023-01-15",2023,1,0.0,"IMD GRID MODEL"
"Tamil Nadu","Thiruvarur","2023-01-18",2023,1,0.0,"IMD GRID MODEL"
"Tamil Nadu","Thiruvarur","2023-01-19",2023,1,0.0,"IMD GRID MODEL"
"Tamil Nadu","Thiruvarur","2023-01-20",2023,1,0.0,"IMD GRID MODEL"
"Tamil Nadu","Thiruvarur","2023-01-21",2023,1,0.0,"IMD GRID MODEL"
"Tamil Nadu","Thiruvarur","2023-01-22",2023,1,0.0,"IMD GRID MODEL"
"Tamil Nadu","Thiruvarur","2023-01-23",2023,1,0.0,"IMD GRID MODEL"
"Tamil Nadu","Thiruvarur","2023-01-24",2023,1,3.2308693472,"IMD GRID MODEL"
"Tamil Nadu","Thiruvarur","2023-01-25",2023,1,1.4441132181,"IMD GRID MODEL"
"Tamil Nadu","Thiruvarur","2023-01-26",2023,1,0.0,"IMD GRID MODEL"
"Tamil Nadu","Thiruvarur","2023-01-27",2023,1,0.0,"IMD GRID MODEL"
"Tamil Nadu","Thiruvarur","2023-01-28",2023,1,0.0,"IMD GRID MODEL"
"Tamil Nadu","Thiruvarur","2023-01-29",2023,1,0.0,"IMD GRID MODEL"
"Tamil Nadu","Thiruvarur","2023-01-30",2023,1,4.156111742,"IMD GRID MODEL"
"Tamil Nadu","Thiruvarur","2023-01-31",2023,1,0.9697356435,"IMD GRID MODEL"
"Tamil Nadu","Thiruvarur","2023-07-01",2023,7,0.2125007482,"IMD GRID MODEL"
"Tamil Nadu","Thiruvarur","2023-07-02",2023,7,0.6073001726,"IMD GRID MODEL"
"Tamil Nadu","Thiruvarur","2023-07-03",2023,7,0.3122966653,"IMD GRID MODEL"
"Tamil Nadu","Thiruvarur","2023-07-04",2023,7,0.0728569231,"IMD GRID MODEL"
"Tamil Nadu","Thiruvarur","2023-07-06",2023,7,0.0,"IMD GRID MODEL"
"Tamil Nadu","Thiruvarur","2023-07-05",2023,7,0.5177795041,"IMD GRID MODEL"
"Tamil Nadu","Thiruvarur","2023-07-08",2023,7,0.0,"IMD GRID MODEL"
"Tamil Nadu","Thiruvarur","2023-07-07",2023,7,0.0,"IMD GRID MODEL"
"Tamil Nadu","Thiruvarur","2023-07-09",2023,7,0.3719304386,"IMD GRID MODEL"
"Tamil Nadu","Thiruvarur","2023-07-10",2023,7,2.7666059924,"IMD GRID MODEL"
"Tamil Nadu","Thiruvarur","2023-07-11",2023,7,12.2819740527,"IMD GRID MODEL"
"Tamil Nadu","Thiruvarur","2023-07-12",2023,7,1.4193727548,"IMD GRID MODEL"
"Tamil Nadu","Thiruvarur","2023-07-13",2023,7,0.0,"IMD GRID MODEL"
"Tamil Nadu","Thiruvarur","2023-07-14",2023,7,1.3023862396,"IMD GRID MODEL"
"Tamil Nadu","Thiruvarur","2023-07-16",2023,7,0.0,"IMD GRID MODEL"
"Tamil Nadu","Thiruvarur","2023-07-17",2023,7,0.0,"IMD GRID MODEL"
"Tamil Nadu","Thiruvarur","2023-07-15",2023,7,0.3446761347,"IMD GRID MODEL"
"Tamil Nadu","Thiruvarur","2023-07-19",2023,7,0.0,"IMD GRID MODEL"
"Tamil Nadu","Thiruvarur","2023-07-18",2023,7,0.0067936267,"IMD GRID MODEL"
"Tamil Nadu","Thiruvarur","2023-07-21",2023,7,0.0,"IMD GRID MODEL"
"Tamil Nadu","Thiruvarur","2023-07-20",2023,7,0.0,"IMD GRID MODEL"
"Tamil Nadu","Thiruvarur","2023-07-22",2023,7,0.0,"IMD GRID MODEL"
"Tamil Nadu","Thiruvarur","2023-07-23",2023,7,0.0,"IMD GRID MODEL"
"Tamil Nadu","Thiruvarur","2023-06-01",2023,6,4.1913288546,"IMD GRID MODEL"
"Tamil Nadu","Thiruvarur","2023-06-02",2023,6,0.0,"IMD GRID MODEL"
"Tamil Nadu","Thiruvarur","2023-06-03",2023,6,0.0,"IMD GRID MODEL"
"Tamil Nadu","Thiruvarur","2023-06-04",2023,6,0.0,"IMD GRID MODEL"
"Tamil Nadu","Thiruvarur","2023-06-05",2023,6,0.0,"IMD GRID MODEL"
"Tamil Nadu","Thiruvarur","2023-06-06",2023,6,19.4630921354,"IMD GRID MODEL"
"Tamil Nadu","Thiruvarur","2023-06-07",2023,6,0.0411654992,"IMD GRID MODEL"
"Tamil Nadu","Thiruvarur","2023-06-08",2023,6,0.0,"IMD GRID MODEL"
"Tamil Nadu","Thiruvarur","2023-06-09",2023,6,0.0,"IMD GRID MODEL"
"Tamil Nadu","Thiruvarur","2023-06-10",2023,6,0.0,"IMD GRID MODEL"
"Tamil Nadu","Thiruvarur","2023-06-11",2023,6,0.0,"IMD GRID MODEL"
"Tamil Nadu","Thiruvarur","2023-06-12",2023,6,0.0,"IMD GRID MODEL"
"Tamil Nadu","Thiruvarur","2023-06-13",2023,6,6.0138250521,"IMD GRID MODEL"
"Tamil Nadu","Thiruvarur","2023-06-14",2023,6,0.0,"IMD GRID MODEL"
"Tamil Nadu","Thiruvarur","2023-06-15",2023,6,0.0,"IMD GRID MODEL"
"Tamil Nadu","Thiruvarur","2023-06-16",2023,6,0.0,"IMD GRID MODEL"
"Tamil Nadu","Thiruvarur","2023-06-17",2023,6,0.0,"IMD GRID MODEL"
"Tamil Nadu","Thiruvarur","2023-06-18",2023,6,0.4575530186,"IMD GRID MODEL"
"Tamil Nadu","Thiruvarur","2023-06-19",2023,6,10.6519408977,"IMD GRID MODEL"
"Tamil Nadu","Thiruvarur","2023-06-20",2023,6,2.0909229892,"IMD GRID MODEL"
"Tamil Nadu","Thiruvarur","2023-06-21",2023,6,8.8959068067,"IMD GRID MODEL"
"Tamil Nadu","Thiruvarur","2023-06-22",2023,6,0.5617907693,"IMD GRID MODEL"
"Tamil Nadu","Thiruvarur","2023-06-23",2023,6,0.6901218324,"IMD GRID MODEL"
"Tamil Nadu","Thiruvarur","2023-06-24",2023,6,0.0,"IMD GRID MODEL"
"Tamil Nadu","Thiruvarur","2023-06-25",2023,6,0.0,"IMD GRID MODEL"
"Tamil Nadu","Thiruvarur","2023-06-26",2023,6,0.0,"IMD GRID MODEL"
"Tamil Nadu","Thiruvarur","2023-06-27",2023,6,0.0,"IMD GRID MODEL"
"Tamil Nadu","Thiruvarur","2023-06-28",2023,6,3.939385621,"IMD GRID MODEL"
"Tamil Nadu","Thiruvarur","2023-06-29",2023,6,0.0,"IMD GRID MODEL"
"Tamil Nadu","Thiruvarur","2023-06-30",2023,6,4.1135171649,"IMD GRID MODEL"
"Tamil Nadu","Thiruvarur","2023-03-01",2023,3,1.8477775611,"IMD GRID MODEL"
"Tamil Nadu","Thiruvarur","2023-03-02",2023,3,0.0,"IMD GRID MODEL"
"Tamil Nadu","Thiruvarur","2023-03-03",2023,3,0.0,"IMD GRID MODEL"
"Tamil Nadu","Thiruvarur","2023-03-04",2023,3,0.0,"IMD GRID MODEL"
"Tamil Nadu","Thiruvarur","2023-03-05",2023,3,0.0,"IMD GRID MODEL"
"Tamil Nadu","Thiruvarur","2023-03-06",2023,3,0.0,"IMD GRID MODEL"
"Tamil Nadu","Thiruvarur","2023-03-07",2023,3,0.0,"IMD GRID MODEL"
"Tamil Nadu","Thiruvarur","2023-03-08",2023,3,0.0,"IMD GRID MODEL"
"Tamil Nadu","Thiruvarur","2023-03-09",2023,3,0.0,"IMD GRID MODEL"
"Tamil Nadu","Thiruvarur","2023-03-10",2023,3,0.0,"IMD GRID MODEL"
"Tamil Nadu","Thiruvarur","2023-03-11",2023,3,0.0,"IMD GRID MODEL"
"Tamil Nadu","Thiruvarur","2023-03-12",2023,3,0.0,"IMD GRID MODEL"
"Tamil Nadu","Thiruvarur","2023-03-13",2023,3,0.0,"IMD GRID MODEL"
"Tamil Nadu","Thiruvarur","2023-03-14",2023,3,0.0,"IMD GRID MODEL"
"Tamil Nadu","Thiruvarur","2023-03-15",2023,3,0.0,"IMD GRID MODEL"
"Tamil Nadu","Thiruvarur","2023-03-16",2023,3,0.0,"IMD GRID MODEL"
"Tamil Nadu","Thiruvarur","2023-03-17",2023,3,0.1035835507,"IMD GRID MODEL"
"Tamil Nadu","Thiruvarur","2023-03-18",2023,3,0.0,"IMD GRID MODEL"
"Tamil Nadu","Thiruvarur","2023-03-19",2023,3,0.0781947613,"IMD GRID MODEL"
"Tamil Nadu","Thiruvarur","2023-03-20",2023,3,11.086218945,"IMD GRID MODEL"
"Tamil Nadu","Thiruvarur","2023-03-21",2023,3,0.0984622649,"IMD GRID MODEL"
"Tamil Nadu","Thiruvarur","2023-03-22",2023,3,0.3889222341,"IMD GRID MODEL"
"Tamil Nadu","Thiruvarur","2023-03-23",2023,3,0.0,"IMD GRID MODEL"
"Tamil Nadu","Thiruvarur","2023-03-24",2023,3,1.468210084,"IMD GRID MODEL"
"Tamil Nadu","Thiruvarur","2023-03-25",2023,3,0.7130579989,"IMD GRID MODEL"
"Tamil Nadu","Thiruvarur","2023-03-26",2023,3,0.0414334203,"IMD GRID MODEL"
"Tamil Nadu","Thiruvarur","2023-03-27",2023,3,0.1585656833,"IMD GRID MODEL"
"Tamil Nadu","Thiruvarur","2023-03-28",2023,3,0.0,"IMD GRID MODEL"
"Tamil Nadu","Thiruvarur","2023-03-29",2023,3,0.0209157541,"IMD GRID MODEL"
"Tamil Nadu","Thiruvarur","2023-03-30",2023,3,0.0,"IMD GRID MODEL"
"Tamil Nadu","Thiruvarur","2023-03-31",2023,3,0.0059614369,"IMD GRID MODEL"
"Tamil Nadu","Thiruvarur","2023-05-01",2023,5,5.7152375661,"IMD GRID MODEL"
"Tamil Nadu","Thiruvarur","2023-05-02",2023,5,18.9321804908,"IMD GRID MODEL"
"Tamil Nadu","Thiruvarur","2023-05-03",2023,5,5.2080537135,"IMD GRID MODEL"
"Tamil Nadu","Thiruvarur","2023-05-04",2023,5,7.3546729745,"IMD GRID MODEL"
"Tamil Nadu","Thiruvarur","2023-05-05",2023,5,7.5969191699,"IMD GRID MODEL"
"Tamil Nadu","Thiruvarur","2023-05-07",2023,5,16.7432389327,"IMD GRID MODEL"
"Tamil Nadu","Thiruvarur","2023-05-08",2023,5,3.94111672,"IMD GRID MODEL"
"Tamil Nadu","Thiruvarur","2023-05-06",2023,5,0.0,"IMD GRID MODEL"
"Tamil Nadu","Thiruvarur","2023-05-09",2023,5,2.9940410775,"IMD GRID MODEL"
"Tamil Nadu","Thiruvarur","2023-05-10",2023,5,1.2165647716,"IMD GRID MODEL"
"Tamil Nadu","Thiruvarur","2023-05-11",2023,5,0.0,"IMD GRID MODEL"
"Tamil Nadu","Thiruvarur","2023-05-12",2023,5,0.0,"IMD GRID MODEL"
"Tamil Nadu","Thiruvarur","2023-05-13",2023,5,0.0,"IMD GRID MODEL"
"Tamil Nadu","Thiruvarur","2023-05-14",2023,5,0.0,"IMD GRID MODEL"
"Tamil Nadu","Thiruvarur","2023-05-15",2023,5,0.0,"IMD GRID MODEL"
"Tamil Nadu","Thiruvarur","2023-05-16",2023,5,0.0,"IMD GRID MODEL"
"Tamil Nadu","Thiruvarur","2023-05-17",2023,5,0.0,"IMD GRID MODEL"
"Tamil Nadu","Thiruvarur","2023-05-18",2023,5,0.2953867946,"IMD GRID MODEL"
"Tamil Nadu","Thiruvarur","2023-05-19",2023,5,0.0,"IMD GRID MODEL"
"Tamil Nadu","Thiruvarur","2023-05-20",2023,5,0.0,"IMD GRID MODEL"
"Tamil Nadu","Thiruvarur","2023-05-21",2023,5,0.0,"IMD GRID MODEL"
"Tamil Nadu","Thiruvarur","2023-05-22",2023,5,0.0,"IMD GRID MODEL"
"Tamil Nadu","Thiruvarur","2023-05-23",2023,5,0.0301754127,"IMD GRID MODEL"
"Tamil Nadu","Thiruvarur","2023-05-24",2023,5,0.0,"IMD GRID MODEL"
"Tamil Nadu","Thiruvarur","2023-05-25",2023,5,0.0,"IMD GRID MODEL"
"Tamil Nadu","Thiruvarur","2023-05-26",2023,5,0.0,"IMD GRID MODEL"
"Tamil Nadu","Thiruvarur","2023-05-27",2023,5,2.9062934904,"IMD GRID MODEL"
"Tamil Nadu","Thiruvarur","2023-05-28",2023,5,0.0,"IMD GRID MODEL"
"Tamil Nadu","Thiruvarur","2023-05-29",2023,5,0.0,"IMD GRID MODEL"
"Tamil Nadu","Thiruvarur","2023-05-30",2023,5,2.3665887593,"IMD GRID MODEL"
"Tamil Nadu","Thiruvarur","2023-05-31",2023,5,0.0,"IMD GRID MODEL"
"Tamil Nadu","Thiruvarur","2023-11-01",2023,11,2.1669911829,"NRSC VIC MODEL"
"Tamil Nadu","Thiruvarur","2023-11-02",2023,11,16.1625172444,"NRSC VIC MODEL"
"Tamil Nadu","Thiruvarur","2023-11-03",2023,11,6.477782721,"NRSC VIC MODEL"
"Tamil Nadu","Thiruvarur","2023-11-04",2023,11,19.1665289329,"NRSC VIC MODEL"
"Tamil Nadu","Thiruvarur","2023-11-05",2023,11,8.4714559074,"NRSC VIC MODEL"
"Tamil Nadu","Thiruvarur","2023-11-06",2023,11,2.2348557688,"NRSC VIC MODEL"
"Tamil Nadu","Thiruvarur","2023-11-07",2023,11,6.6679612484,"NRSC VIC MODEL"
"Tamil Nadu","Thiruvarur","2023-11-08",2023,11,24.498788515,"NRSC VIC MODEL"
"Tamil Nadu","Thiruvarur","2023-11-09",2023,11,15.2546290133,"NRSC VIC MODEL"
"Tamil Nadu","Thiruvarur","2023-11-10",2023,11,18.8468627484,"NRSC VIC MODEL"
"Tamil Nadu","Thiruvarur","2023-11-11",2023,11,3.2952176736,"NRSC VIC MODEL"
"Tamil Nadu","Thiruvarur","2023-11-12",2023,11,2.1309638466,"NRSC VIC MODEL"
"Tamil Nadu","Thiruvarur","2023-11-14",2023,11,51.9770926977,"NRSC VIC MODEL"
"Tamil Nadu","Thiruvarur","2023-11-15",2023,11,31.8885002046,"NRSC VIC MODEL"
"Tamil Nadu","Thiruvarur","2023-11-16",2023,11,2.486702695,"NRSC VIC MODEL"
"Tamil Nadu","Thiruvarur","2023-11-13",2023,11,0.0005949892,"NRSC VIC MODEL"
"Tamil Nadu","Thiruvarur","2023-11-17",2023,11,0.6502947293,"NRSC VIC MODEL"
"Tamil Nadu","Thiruvarur","2023-11-18",2023,11,20.9033735131,"NRSC VIC MODEL"
"Tamil Nadu","Thiruvarur","2023-11-19",2023,11,21.0495235177,"NRSC VIC MODEL"
"Tamil Nadu","Thiruvarur","2023-11-20",2023,11,1.3821464375,"NRSC VIC MODEL"
"Tamil Nadu","Thiruvarur","2023-11-21",2023,11,2.7449885174,"NRSC VIC MODEL"
"Tamil Nadu","Thiruvarur","2023-11-22",2023,11,10.5531738164,"NRSC VIC MODEL"
"Tamil Nadu","Thiruvarur","2023-11-23",2023,11,21.8997776302,"NRSC VIC MODEL"
"Tamil Nadu","Thiruvarur","2023-11-24",2023,11,4.2563253009,"NRSC VIC MODEL"
"Tamil Nadu","Thiruvarur","2023-11-25",2023,11,3.3874065772,"NRSC VIC MODEL"
"Tamil Nadu","Thiruvarur","2023-11-26",2023,11,13.2354895706,"NRSC VIC MODEL"
"Tamil Nadu","Thiruvarur","2023-11-27",2023,11,5.0571907563,"NRSC VIC MODEL"
"Tamil Nadu","Thiruvarur","2023-11-28",2023,11,0.8312581964,"NRSC VIC MODEL"
"Tamil Nadu","Thiruvarur","2023-11-29",2023,11,6.1500116813,"NRSC VIC MODEL"
"Tamil Nadu","Thiruvarur","2023-11-30",2023,11,44.9928895755,"NRSC VIC MODEL"
"Tamil Nadu","Thiruvarur","2023-10-01",2023,10,1.6012060941,"NRSC VIC MODEL"
"Tamil Nadu","Thiruvarur","2023-10-07",2023,10,0.0124372669,"NRSC VIC MODEL"
"Tamil Nadu","Thiruvarur","2023-10-08",2023,10,0.0016688626,"NRSC VIC MODEL"
"Tamil Nadu","Thiruvarur","2023-10-09",2023,10,1.0060362854,"NRSC VIC MODEL"
"Tamil Nadu","Thiruvarur","2023-10-10",2023,10,0.5613333286,"NRSC VIC MODEL"
"Tamil Nadu","Thiruvarur","2023-10-11",2023,10,1.5533317798,"NRSC VIC MODEL"
"Tamil Nadu","Thiruvarur","2023-10-12",2023,10,7.1588446988,"NRSC VIC MODEL"
"Tamil Nadu","Thiruvarur","2023-10-13",2023,10,2.429913523,"NRSC VIC MODEL"
"Tamil Nadu","Thiruvarur","2023-10-14",2023,10,0.5192259722,"NRSC VIC MODEL"
"Tamil Nadu","Thiruvarur","2023-10-15",2023,10,5.490825345,"NRSC VIC MODEL"
"Tamil Nadu","Thiruvarur","2023-10-16",2023,10,3.863341581,"NRSC VIC MODEL"
"Tamil Nadu","Thiruvarur","2023-10-17",2023,10,13.8578102293,"NRSC VIC MODEL"
"Tamil Nadu","Thiruvarur","2023-10-18",2023,10,8.4077307169,"NRSC VIC MODEL"
"Tamil Nadu","Thiruvarur","2023-10-21",2023,10,0.0,"NRSC VIC MODEL"
"Tamil Nadu","Thiruvarur","2023-10-22",2023,10,1.3750728461,"NRSC VIC MODEL"
"Tamil Nadu","Thiruvarur","2023-10-23",2023,10,0.687392651,"NRSC VIC MODEL"
"Tamil Nadu","Thiruvarur","2023-10-24",2023,10,0.0006008022,"NRSC VIC MODEL"
"Tamil Nadu","Thiruvarur","2023-10-25",2023,10,0.2871052103,"NRSC VIC MODEL"
"Tamil Nadu","Thiruvarur","2023-10-26",2023,10,1.9344721813,"NRSC VIC MODEL"
"Tamil Nadu","Thiruvarur","2023-10-27",2023,10,0.0915136923,"NRSC VIC MODEL"
"Tamil Nadu","Thiruvarur","2023-10-28",2023,10,2.0090913908,"NRSC VIC MODEL"
"Tamil Nadu","Thiruvarur","2023-10-29",2023,10,5.1469363763,"NRSC VIC MODEL"
"Tamil Nadu","Thiruvarur","2023-10-30",2023,10,13.0511203502,"NRSC VIC MODEL"
"Tamil Nadu","Thiruvarur","2023-10-31",2023,10,0.318351996,"NRSC VIC MODEL"
"Tamil Nadu","Thiruvarur","2023-09-29",2023,9,6.5217596799,"NRSC VIC MODEL"
"Tamil Nadu","Thiruvarur","2023-09-30",2023,9,1.1346805254,"NRSC VIC MODEL"
"Tamil Nadu","Thiruvarur","2023-09-01",2023,9,2.9633898064,"NRSC VIC MODEL"
"Tamil Nadu","Thiruvarur","2023-09-02",2023,9,0.4723591368,"NRSC VIC MODEL"
"Tamil Nadu","Thiruvarur","2023-09-03",2023,9,0.5140759814,"NRSC VIC MODEL"
"Tamil Nadu","Thiruvarur","2023-09-04",2023,9,0.446099791,"NRSC VIC MODEL"
"Tamil Nadu","Thiruvarur","2023-09-05",2023,9,0.2093342052,"NRSC VIC MODEL"
"Tamil Nadu","Thiruvarur","2023-09-06",2023,9,0.2315476792,"NRSC VIC MODEL"
"Tamil Nadu","Thiruvarur","2023-09-07",2023,9,0.9308076455,"NRSC VIC MODEL"
"Tamil Nadu","Thiruvarur","2023-09-08",2023,9,5.9714326734,"NRSC VIC MODEL"
"Tamil Nadu","Thiruvarur","2023-09-09",2023,9,3.3023392159,"NRSC VIC MODEL"
"Tamil Nadu","Thiruvarur","2023-09-10",2023,9,0.3575193224,"NRSC VIC MODEL"
"Tamil Nadu","Thiruvarur","2023-09-11",2023,9,0.0005404194,"NRSC VIC MODEL"
"Tamil Nadu","Thiruvarur","2023-09-12",2023,9,0.0011500243,"NRSC VIC MODEL"
"Tamil Nadu","Thiruvarur","2023-09-13",2023,9,1.7850883825,"NRSC VIC MODEL"
"Tamil Nadu","Thiruvarur","2023-09-14",2023,9,0.6266063521,"NRSC VIC MODEL"
"Tamil Nadu","Thiruvarur","2023-09-15",2023,9,4.598182868,"NRSC VIC MODEL"
"Tamil Nadu","Thiruvarur","2023-09-16",2023,9,1.8853080003,"NRSC VIC MODEL"
"Tamil Nadu","Thiruvarur","2023-09-17",2023,9,2.1098435399,"NRSC VIC MODEL"
"Tamil Nadu","Thiruvarur","2023-09-18",2023,9,6.7116410393,"NRSC VIC MODEL"
"Tamil Nadu","Thiruvarur","2023-09-19",2023,9,6.2343136079,"NRSC VIC MODEL"
"Tamil Nadu","Thiruvarur","2023-09-20",2023,9,2.2645219034,"NRSC VIC MODEL"
"Tamil Nadu","Thiruvarur","2023-09-21",2023,9,0.0818005552,"NRSC VIC MODEL"
"Tamil Nadu","Thiruvarur","2023-09-22",2023,9,0.3935702191,"NRSC VIC MODEL"
"Tamil Nadu","Thiruvarur","2023-09-23",2023,9,3.059544732,"NRSC VIC MODEL"
"Tamil Nadu","Thiruvarur","2023-09-24",2023,9,0.0278831711,"NRSC VIC MODEL"
"Tamil Nadu","Thiruvarur","2023-09-25",2023,9,4.4825359083,"NRSC VIC MODEL"
"Tamil Nadu","Thiruvarur","2023-09-26",2023,9,9.2615083807,"NRSC VIC MODEL"
"Tamil Nadu","Thiruvarur","2023-09-27",2023,9,0.0179895456,"NRSC VIC MODEL"
"Tamil Nadu","Thiruvarur","2023-09-28",2023,9,6.1209945069,"NRSC VIC MODEL"
